====================================================================================================
EMBEDDINGS  model=sentence-transformers/all-MiniLM-L6-v2  dim=384  n=483
normalized=True  mean_norm=1.000000  min=1.000000  max=1.000000
showing first 12 of 384 dimensions per row
====================================================================================================

8d8bdc0360ace6d5b505c5513196230f
  [+0.0140, -0.0699, -0.0193, +0.0440, +0.0786, -0.0158, +0.0502, +0.0110, -0.0062, +0.0280, -0.0372, -0.0157, ...]
  L2 norm = 1.000000

1965d148b5f1cbc0043fbdd39bc51b16
  [+0.0461, -0.0781, -0.0827, -0.0007, +0.0409, -0.0201, +0.0473, +0.0007, -0.0117, -0.0016, -0.0256, -0.0448, ...]
  L2 norm = 1.000000

04501dc40712360519c1a554e13f8daa
  [+0.0090, -0.0548, -0.0501, +0.0146, +0.0402, +0.0066, +0.0275, -0.0042, -0.0254, +0.0036, +0.0030, +0.0043, ...]
  L2 norm = 1.000000

9f46095fc691c1032d7440ff54281684
  [-0.0275, -0.0413, -0.0442, -0.0273, +0.0702, -0.0232, +0.0579, +0.0364, -0.0136, +0.0025, -0.0295, -0.0062, ...]
  L2 norm = 1.000000

eeac9b840ef24409f1d4695c338dbb00
  [+0.0408, -0.0562, -0.0707, +0.0091, +0.0097, -0.0178, -0.0420, +0.0997, +0.0477, +0.0318, -0.0399, +0.0465, ...]
  L2 norm = 1.000000

ee3e8d8be2443c7d7d60244947eaa919
  [+0.0189, -0.0699, -0.0699, +0.0052, +0.0547, -0.0454, -0.0063, +0.0303, -0.0378, +0.0010, -0.0275, -0.0657, ...]
  L2 norm = 1.000000

a743653eba2b2018121330f9d852d613
  [+0.0639, -0.0777, -0.0931, -0.0139, +0.0701, -0.0256, +0.0658, -0.0051, -0.0014, +0.0332, +0.0114, -0.0550, ...]
  L2 norm = 1.000000

396bfdc403feb47f52f4bea3153fdda8
  [+0.0867, -0.0864, -0.0973, -0.0297, +0.0184, -0.0211, +0.0073, +0.0017, -0.0419, -0.0217, -0.0193, -0.0649, ...]
  L2 norm = 1.000000

a385a8f0ec9214f6453d50229a5a44b8
  [+0.0089, -0.0731, -0.0418, -0.0016, -0.0039, -0.0238, -0.0420, +0.0476, +0.0330, -0.0073, +0.0098, -0.0896, ...]
  L2 norm = 1.000000

8c9c07b5013b39636c4dd9575c862a21
  [+0.0673, -0.0126, -0.1392, +0.0672, -0.0500, +0.0043, -0.0070, +0.0709, -0.0087, +0.0313, +0.0036, -0.0929, ...]
  L2 norm = 1.000000

40d627561e776a8f8ac1054913e33df1
  [+0.0339, -0.0737, -0.0660, +0.0393, -0.0118, -0.0060, +0.0233, +0.0338, +0.0257, -0.0318, +0.0647, -0.0511, ...]
  L2 norm = 1.000000

211a33b9262cbd98f8a76de3c3f9f518
  [+0.0369, -0.0885, -0.0878, +0.0076, -0.0179, +0.0176, +0.0028, +0.0323, +0.0058, -0.0684, +0.0880, -0.0500, ...]
  L2 norm = 1.000000

f7b68b4bc80c8dab0a8a2d11c214413e
  [+0.0228, -0.0746, -0.1006, +0.0126, +0.0063, +0.0291, +0.0337, +0.0040, -0.0146, -0.0638, +0.0779, -0.0649, ...]
  L2 norm = 1.000000

e6ccde07df2b3bd580c2fedebbdd4b8a
  [-0.0107, -0.0305, -0.1011, -0.0080, -0.0206, +0.0067, +0.0486, +0.0912, +0.0306, -0.0524, +0.0322, +0.0166, ...]
  L2 norm = 1.000000

7214875550c2379401b583cf2d1753f3
  [+0.0681, -0.0676, -0.0290, +0.0609, +0.1279, -0.0170, -0.0365, +0.0835, -0.0315, +0.0355, -0.0192, -0.0405, ...]
  L2 norm = 1.000000

7c09097a79c32de0d2ba6256281d2e3c
  [+0.0754, -0.0726, -0.0386, +0.0184, +0.1565, +0.0669, +0.1056, +0.0424, -0.0160, +0.0404, -0.0174, -0.0200, ...]
  L2 norm = 1.000000

e8e5f57c301c83f57a17f42dfcdfacf5
  [+0.0405, -0.0255, +0.0115, +0.0558, +0.1178, +0.0172, +0.0248, +0.0628, -0.0119, +0.0587, +0.0403, -0.0497, ...]
  L2 norm = 1.000000

6a46f920d62b500532cefefa67748e35
  [+0.0291, -0.0529, +0.0257, +0.0692, +0.1196, +0.0018, +0.0290, +0.0797, -0.0051, +0.0509, +0.0503, -0.0292, ...]
  L2 norm = 1.000000

3bddc66aa2445e70f10d51313ccf7250
  [+0.0292, -0.0576, -0.0117, +0.0550, +0.1148, -0.0296, +0.0344, +0.0782, -0.0010, +0.0626, +0.0301, -0.0509, ...]
  L2 norm = 1.000000

88e9fd8e256e1904eb8bd73bfbecc07f
  [+0.0284, -0.0437, -0.0004, +0.0538, +0.1190, -0.0054, +0.0279, +0.0767, -0.0082, +0.0696, +0.0577, -0.0348, ...]
  L2 norm = 1.000000

173de07e733492ab8a5d4f9254b53524
  [+0.0409, -0.0521, -0.0156, +0.0557, +0.1150, -0.0247, +0.0214, +0.0816, +0.0130, +0.0652, +0.0430, -0.0341, ...]
  L2 norm = 1.000000

d0c8d1ab2200eea9060273a597b80762
  [+0.0621, -0.0783, -0.0728, -0.0109, +0.0761, -0.0125, +0.0243, +0.0674, -0.0338, +0.0554, +0.0419, -0.0713, ...]
  L2 norm = 1.000000

859319fca2a92d145c7a21925779020c
  [+0.0185, -0.0592, -0.0494, +0.0003, +0.0951, +0.0165, +0.0521, +0.0171, -0.0298, -0.0162, -0.0463, -0.0669, ...]
  L2 norm = 1.000000

848d00ebf7e1291bd83a79aead16a665
  [+0.0422, -0.0610, -0.0489, -0.0157, +0.0839, +0.0219, +0.0133, +0.0079, -0.0664, +0.0168, -0.0284, -0.0624, ...]
  L2 norm = 1.000000

e7b817dd10fbc99d3956f265c4f7f63a
  [-0.0056, -0.0780, -0.0314, +0.0111, +0.0331, -0.0060, -0.0557, -0.0013, -0.0428, -0.0190, +0.0088, -0.0361, ...]
  L2 norm = 1.000000

87a2a05d174eddad53603872c963acd2
  [-0.0168, -0.1060, -0.0319, -0.0220, +0.0683, +0.0161, +0.0002, -0.0325, -0.0356, -0.0360, -0.0459, -0.0664, ...]
  L2 norm = 1.000000

af37c7f2a3d35fd2a08aecd07a035283
  [+0.0542, -0.0696, -0.0554, -0.0099, +0.0752, +0.0359, -0.0192, -0.0006, -0.0383, -0.0246, -0.0150, -0.0387, ...]
  L2 norm = 1.000000

cf926a6f61a0a1a2b8baebc183d2b48a
  [+0.0477, -0.0947, +0.0199, -0.0017, +0.1385, +0.0554, +0.0119, +0.0225, -0.0626, +0.0099, -0.0047, -0.0709, ...]
  L2 norm = 1.000000

f9345468f8a9008869263aee17da7824
  [+0.0822, -0.0865, -0.0154, +0.0028, +0.1488, +0.0526, -0.0333, +0.0177, -0.0423, +0.0162, -0.0127, -0.0837, ...]
  L2 norm = 1.000000

a637537de4c73ec6595d8519edc824a2
  [+0.0466, -0.0564, -0.0032, +0.0183, +0.0697, +0.0342, -0.0738, -0.0032, -0.0686, -0.0075, +0.0227, -0.0620, ...]
  L2 norm = 1.000000

bdb86570ea89ec2729d7845589097c22
  [+0.0661, -0.1038, +0.0102, -0.0031, +0.1500, +0.0637, -0.0101, +0.0276, -0.0684, +0.0204, -0.0223, -0.0672, ...]
  L2 norm = 1.000000

bcf838cf0d04b2414b46e49ecca40749
  [+0.0824, -0.0613, -0.0724, -0.0012, +0.1211, +0.0114, +0.0499, +0.0882, -0.0721, +0.0273, -0.0072, -0.0521, ...]
  L2 norm = 1.000000

9715e0ad3e0af09108c44d3239054915
  [+0.0698, -0.0338, -0.0537, +0.0300, +0.1065, -0.0261, -0.0021, +0.0644, -0.0464, +0.0374, -0.0805, -0.0430, ...]
  L2 norm = 1.000000

b9a736c15a283f44e3efec3de4b14600
  [+0.0558, -0.0649, -0.0262, +0.0530, +0.1143, -0.0245, +0.0323, +0.0637, -0.0443, +0.0369, -0.0396, -0.0176, ...]
  L2 norm = 1.000000

28d9c9740f77ed96a9191464fbf061e5
  [+0.0524, -0.1090, -0.1221, +0.0284, +0.0607, +0.0526, +0.0001, +0.0633, -0.0287, -0.0244, -0.0293, -0.0614, ...]
  L2 norm = 1.000000

8491b6475cb27c641adb119911529a3a
  [+0.0121, -0.0579, -0.0968, -0.0061, -0.0061, +0.0720, -0.0251, +0.0419, -0.0372, -0.0667, +0.0304, -0.0720, ...]
  L2 norm = 1.000000

285555870bb53975418ec71c149f19cd
  [+0.0019, -0.0752, -0.0247, +0.0443, +0.0860, -0.0167, +0.0434, +0.0153, +0.0002, +0.0249, -0.0325, -0.0182, ...]
  L2 norm = 1.000000

5d7581c2849448ef102c09c3cf7e9785
  [+0.0461, -0.0781, -0.0827, -0.0007, +0.0409, -0.0201, +0.0473, +0.0007, -0.0117, -0.0016, -0.0256, -0.0448, ...]
  L2 norm = 1.000000

1474b25962fd7d75544c1a9540475e92
  [+0.0090, -0.0548, -0.0501, +0.0146, +0.0402, +0.0066, +0.0275, -0.0042, -0.0254, +0.0036, +0.0030, +0.0043, ...]
  L2 norm = 1.000000

7277bcfdec0ef36da9b8748a58fa5666
  [-0.0275, -0.0413, -0.0442, -0.0273, +0.0702, -0.0232, +0.0579, +0.0364, -0.0136, +0.0025, -0.0295, -0.0062, ...]
  L2 norm = 1.000000

718e323c6438a54426515c09496d6446
  [+0.0408, -0.0562, -0.0707, +0.0091, +0.0097, -0.0178, -0.0420, +0.0997, +0.0477, +0.0318, -0.0399, +0.0465, ...]
  L2 norm = 1.000000

e0c406cc856eecbaf60e7c2eadcf475c
  [+0.0169, -0.0726, -0.0726, +0.0048, +0.0472, -0.0464, -0.0089, +0.0237, -0.0312, -0.0014, -0.0229, -0.0625, ...]
  L2 norm = 1.000000

b3d878de24184c4c91e86b8e67bc0799
  [+0.0639, -0.0777, -0.0931, -0.0139, +0.0701, -0.0256, +0.0658, -0.0051, -0.0014, +0.0332, +0.0114, -0.0550, ...]
  L2 norm = 1.000000

ab76632d758e00ae9081493f84f91cd9
  [+0.0867, -0.0864, -0.0973, -0.0297, +0.0184, -0.0211, +0.0073, +0.0017, -0.0419, -0.0217, -0.0193, -0.0649, ...]
  L2 norm = 1.000000

be2c0ca2c75b800228227af925b60dd9
  [+0.0103, -0.0679, -0.0433, +0.0015, +0.0008, -0.0210, -0.0445, +0.0496, +0.0400, -0.0076, +0.0141, -0.0845, ...]
  L2 norm = 1.000000

a5c945a0e24facbede00c750b08ae851
  [+0.0668, -0.0093, -0.1425, +0.0555, -0.0479, -0.0053, -0.0024, +0.0778, -0.0105, +0.0273, +0.0063, -0.0969, ...]
  L2 norm = 1.000000

d77ba134a35c5927b6a4df3922b69856
  [+0.0267, -0.0439, -0.0878, +0.0229, +0.0143, +0.0055, +0.0326, +0.0243, +0.0152, -0.0629, +0.0659, -0.0710, ...]
  L2 norm = 1.000000

89db2c05e5081f60716d33bb5b3a525e
  [+0.0468, -0.1338, -0.0615, +0.0232, -0.0007, +0.0140, +0.0056, +0.0313, +0.0001, -0.0571, +0.0532, +0.0002, ...]
  L2 norm = 1.000000

3df5f1851ae31d67841d84e752cf231d
  [+0.0544, -0.1088, -0.0410, +0.0070, -0.0173, -0.0180, -0.0049, -0.0113, -0.0300, -0.0502, +0.0673, -0.0701, ...]
  L2 norm = 1.000000

099dd3c50f886a95327e44732422bc9f
  [+0.0531, -0.0855, -0.0818, +0.0325, -0.0010, +0.0152, +0.0402, +0.0207, +0.0135, -0.0707, +0.0893, -0.0644, ...]
  L2 norm = 1.000000

fc8a5e7c1c1fe06ac2f827dc9397c404
  [+0.0231, -0.0735, -0.0663, +0.0304, -0.0236, +0.0045, +0.0146, +0.0131, -0.0070, -0.0859, +0.0476, -0.0745, ...]
  L2 norm = 1.000000

7dd797df5f12080bd9b78e562f0c82b1
  [-0.0090, -0.0751, -0.0406, +0.0064, +0.0288, -0.0461, +0.0470, +0.0418, +0.0369, -0.0450, +0.0060, +0.0239, ...]
  L2 norm = 1.000000

16a575064c7b642d1f385916e0b2a7a8
  [-0.0371, -0.0161, -0.1089, +0.0048, -0.0237, -0.0028, +0.0335, +0.0778, +0.0211, -0.0731, +0.0218, -0.0263, ...]
  L2 norm = 1.000000

795a36a92d125262c80c42300053b382
  [+0.0601, -0.0764, -0.0556, +0.0731, +0.1199, -0.0128, -0.0478, +0.0832, -0.0138, +0.0157, +0.0024, -0.0493, ...]
  L2 norm = 1.000000

5c400c04ed5449ce06db66bf57fe88b9
  [+0.0691, -0.0764, -0.0456, +0.0201, +0.1492, +0.0704, +0.0988, +0.0353, -0.0098, +0.0366, -0.0174, -0.0219, ...]
  L2 norm = 1.000000

85130490f5af5c140b22a74a26bad8cd
  [+0.0056, -0.0640, -0.0224, +0.0593, +0.0919, -0.0066, +0.0226, +0.0556, +0.0096, +0.0447, +0.0550, -0.0318, ...]
  L2 norm = 1.000000

36162d14cc28c62d317a00904ee981c6
  [+0.0517, -0.0696, -0.0986, +0.0019, +0.0651, +0.0336, +0.0077, +0.0943, -0.0201, +0.0168, +0.0416, -0.0281, ...]
  L2 norm = 1.000000

faa7d39af27e374a77244535dc137b7e
  [+0.0424, -0.0956, -0.0184, +0.0243, +0.1121, +0.0152, +0.0215, +0.0514, -0.0618, +0.0263, +0.0339, -0.0194, ...]
  L2 norm = 1.000000

38dc490da0a6e00fd07b66357c35ee1b
  [+0.0159, -0.0925, -0.0294, +0.0143, +0.0338, -0.0025, -0.0608, -0.0093, -0.0480, -0.0096, +0.0090, -0.0462, ...]
  L2 norm = 1.000000

9acac0e828c2968fc8e109edccc859b3
  [-0.0183, -0.1077, -0.0303, -0.0184, +0.0604, +0.0166, -0.0008, -0.0351, -0.0377, -0.0411, -0.0437, -0.0639, ...]
  L2 norm = 1.000000

2dab627c1e036ef7918e4f22892f2671
  [+0.0513, -0.0682, -0.0580, -0.0013, +0.0710, +0.0309, -0.0182, +0.0003, -0.0368, -0.0295, -0.0195, -0.0401, ...]
  L2 norm = 1.000000

e912bf8c35e4157a75150ddaed19a05c
  [+0.0535, -0.1113, -0.0222, -0.0062, +0.1223, +0.0491, +0.0033, +0.0095, -0.0447, +0.0111, -0.0004, -0.0487, ...]
  L2 norm = 1.000000

79406ffaca9a1ce64a9e302888cf4632
  [+0.0786, -0.0935, -0.0210, -0.0023, +0.1400, +0.0386, -0.0353, +0.0013, -0.0204, +0.0188, -0.0044, -0.0637, ...]
  L2 norm = 1.000000

7fdf0708b9a0fa02184be4aef2427dca
  [+0.0485, -0.0511, -0.0026, +0.0167, +0.0674, +0.0333, -0.0794, -0.0057, -0.0701, -0.0040, +0.0187, -0.0673, ...]
  L2 norm = 1.000000

a73ae923f5a53dc91be90090afd65af9
  [+0.0319, -0.0635, +0.0118, -0.0085, +0.1038, +0.0755, -0.0245, +0.0061, -0.0561, +0.0110, -0.0242, -0.0690, ...]
  L2 norm = 1.000000

159690eb07c1360ade01f94ee6abe123
  [-0.0384, -0.0799, -0.0750, +0.0194, +0.0123, +0.0086, +0.0225, +0.0604, -0.0069, -0.0337, -0.0278, -0.0528, ...]
  L2 norm = 1.000000

0b3591719383172bae244659019a610f
  [+0.0582, -0.0946, -0.0657, +0.0255, +0.1562, +0.0096, +0.0110, +0.0402, -0.0110, +0.0112, +0.0256, -0.0170, ...]
  L2 norm = 1.000000

e170fe838f06573f903a680b032d6bb3
  [+0.0643, -0.0635, -0.1093, -0.0013, +0.1107, +0.0085, +0.0204, +0.0991, -0.0392, +0.0151, +0.0209, -0.0493, ...]
  L2 norm = 1.000000

b0478f87701941ba1d002b70362e38b8
  [+0.0610, -0.0383, -0.0603, +0.0370, +0.0908, -0.0200, -0.0318, +0.0333, -0.0337, +0.0124, -0.1004, -0.0260, ...]
  L2 norm = 1.000000

1548533999cd76ea7ef5caebccedd180
  [+0.0540, -0.0815, -0.0397, +0.0661, +0.1006, -0.0179, -0.0055, +0.0274, -0.0311, -0.0016, -0.0593, +0.0061, ...]
  L2 norm = 1.000000

7277f67ee1b586634fbd6419851783a5
  [+0.0439, -0.1061, -0.1233, +0.0260, +0.0596, +0.0483, +0.0067, +0.0732, -0.0240, -0.0296, -0.0252, -0.0657, ...]
  L2 norm = 1.000000

9877b22ec7aea5327a0e6e0a6d1bdfcb
  [+0.0106, -0.0559, -0.1059, -0.0050, -0.0097, +0.0763, -0.0228, +0.0608, -0.0235, -0.0607, +0.0282, -0.0714, ...]
  L2 norm = 1.000000

453e39707006a62096d08eae2a5f3ab0
  [+0.0100, -0.0671, -0.0226, +0.0459, +0.0838, -0.0168, +0.0531, +0.0108, -0.0018, +0.0270, -0.0379, -0.0168, ...]
  L2 norm = 1.000000

7c0e4c8722189e8a74b85e9241b9dd32
  [+0.0461, -0.0781, -0.0827, -0.0007, +0.0409, -0.0201, +0.0473, +0.0007, -0.0117, -0.0016, -0.0256, -0.0448, ...]
  L2 norm = 1.000000

5e10027b01ac767202c6ebb38e9aad5a
  [+0.0090, -0.0548, -0.0501, +0.0146, +0.0402, +0.0066, +0.0275, -0.0042, -0.0254, +0.0036, +0.0030, +0.0043, ...]
  L2 norm = 1.000000

afec1afae6532f3285e859fa5c5bd4f4
  [-0.0275, -0.0413, -0.0442, -0.0273, +0.0702, -0.0232, +0.0579, +0.0364, -0.0136, +0.0025, -0.0295, -0.0062, ...]
  L2 norm = 1.000000

1411982ae10597f0be7f5ae554783ed3
  [+0.0408, -0.0562, -0.0707, +0.0091, +0.0097, -0.0178, -0.0420, +0.0997, +0.0477, +0.0318, -0.0399, +0.0465, ...]
  L2 norm = 1.000000

2445ae7437a86c6c2c2da98a27cffac5
  [+0.0127, -0.0629, -0.0730, +0.0070, +0.0631, -0.0411, -0.0068, +0.0293, -0.0345, +0.0039, -0.0218, -0.0631, ...]
  L2 norm = 1.000000

18f4b8d1620d17d107d9c7bb23056933
  [+0.0639, -0.0777, -0.0931, -0.0139, +0.0701, -0.0256, +0.0658, -0.0051, -0.0014, +0.0332, +0.0114, -0.0550, ...]
  L2 norm = 1.000000

fe0db77135bd3b41bc4497e1062958ad
  [+0.0867, -0.0864, -0.0973, -0.0297, +0.0184, -0.0211, +0.0073, +0.0017, -0.0419, -0.0217, -0.0193, -0.0649, ...]
  L2 norm = 1.000000

18963129f8744b50bba03c4bfdfecf20
  [-0.0003, -0.0687, -0.0259, -0.0076, -0.0152, -0.0169, -0.0528, +0.0454, +0.0327, -0.0124, +0.0086, -0.0774, ...]
  L2 norm = 1.000000

12919ff7fddad8af2723d4c35a55467a
  [+0.0687, -0.0152, -0.1396, +0.0642, -0.0410, -0.0044, -0.0034, +0.0677, -0.0074, +0.0293, -0.0006, -0.0879, ...]
  L2 norm = 1.000000

9f23d1346d232324351234e9b6b1c7ca
  [+0.0343, -0.0630, -0.0875, +0.0309, +0.0150, +0.0197, +0.0262, +0.0155, +0.0078, -0.0762, +0.0578, -0.0521, ...]
  L2 norm = 1.000000

238087abcf5db73a128984f6e36e11d7
  [+0.0364, -0.0722, -0.0585, +0.0247, +0.0071, -0.0020, +0.0186, +0.0086, +0.0079, -0.0629, +0.0624, -0.0519, ...]
  L2 norm = 1.000000

b59773a971b55cce59088d119adabde9
  [+0.0587, -0.0570, -0.0707, +0.0331, -0.0087, +0.0055, +0.0303, +0.0009, +0.0278, -0.0575, +0.0860, -0.0733, ...]
  L2 norm = 1.000000

9f9912a82db4c26656773b37bf952407
  [-0.0013, -0.0589, -0.1049, +0.0105, -0.0175, +0.0220, +0.0364, +0.0034, +0.0139, -0.0775, +0.0858, -0.0279, ...]
  L2 norm = 1.000000

8dc541d1cb5bc0f9af0d67611f354ef1
  [+0.0040, -0.0529, -0.0513, +0.0270, +0.0105, -0.0041, +0.0584, +0.0371, +0.0632, -0.0654, +0.0292, +0.0235, ...]
  L2 norm = 1.000000

ff1792c9ab018e73b7383f5a1be2e4f7
  [+0.0593, -0.0460, -0.0442, +0.0431, +0.1396, -0.0028, -0.0367, +0.0704, -0.0113, +0.0433, -0.0043, -0.0381, ...]
  L2 norm = 1.000000

908530d2bf1abf9cde62a2a0cbd07d30
  [+0.0661, -0.0752, -0.0452, +0.0109, +0.1602, +0.0554, +0.0870, +0.0488, -0.0164, +0.0597, +0.0031, -0.0280, ...]
  L2 norm = 1.000000

eebc96f4db62213b36835aa712dc1929
  [+0.0184, -0.0652, -0.0809, -0.0111, +0.0740, +0.0842, +0.0498, +0.0018, +0.0000, +0.0476, -0.0292, -0.0678, ...]
  L2 norm = 1.000000

67c2957d77a0d45efb52bfba7ef01a5c
  [+0.0392, -0.0770, -0.0393, -0.0374, +0.1608, +0.0434, +0.0202, +0.0049, -0.0237, +0.0318, +0.0186, -0.0312, ...]
  L2 norm = 1.000000

2a795752bb83f13a1433323d77179300
  [-0.0056, -0.0780, -0.0314, +0.0111, +0.0331, -0.0060, -0.0557, -0.0013, -0.0428, -0.0190, +0.0088, -0.0361, ...]
  L2 norm = 1.000000

3b37be1aabcd25ea5ebd4c2c0b35107a
  [-0.0168, -0.1060, -0.0319, -0.0220, +0.0683, +0.0161, +0.0002, -0.0325, -0.0356, -0.0360, -0.0459, -0.0664, ...]
  L2 norm = 1.000000

9fc2eb8a2894aa1cd64cae33627c64fb
  [+0.0542, -0.0696, -0.0554, -0.0099, +0.0752, +0.0359, -0.0192, -0.0006, -0.0383, -0.0246, -0.0150, -0.0387, ...]
  L2 norm = 1.000000

569a6e590a22fa01c27a090717d976c4
  [+0.0392, -0.0833, +0.0085, -0.0147, +0.1568, +0.0721, +0.0117, +0.0264, -0.0567, +0.0201, +0.0069, -0.0629, ...]
  L2 norm = 1.000000

6152d6b24f489f6c8a27b4693a91df62
  [+0.0784, -0.0835, -0.0185, -0.0085, +0.1566, +0.0607, -0.0397, +0.0225, -0.0441, +0.0174, -0.0004, -0.0833, ...]
  L2 norm = 1.000000

30f4f265d962449c21b66abd01c85565
  [+0.0474, -0.0575, -0.0061, +0.0149, +0.0733, +0.0350, -0.0695, -0.0003, -0.0686, -0.0077, +0.0183, -0.0664, ...]
  L2 norm = 1.000000

1ed435f2115188ba7394e86f60d7ac62
  [+0.0520, -0.0900, -0.0034, -0.0123, +0.1568, +0.0651, -0.0134, +0.0321, -0.0727, +0.0176, -0.0209, -0.0723, ...]
  L2 norm = 1.000000

0581d5aee668cdfc782b53f41c7e3cac
  [+0.0504, -0.0457, -0.0963, -0.0356, +0.1228, +0.0545, +0.0411, +0.0654, -0.0338, +0.0395, -0.0055, -0.0386, ...]
  L2 norm = 1.000000

9c6ad29b78fda5ad2cf39fc2ca0b13c5
  [+0.0595, -0.0106, -0.0532, +0.0240, +0.1132, -0.0098, -0.0203, +0.0504, -0.0369, +0.0221, -0.0926, -0.0165, ...]
  L2 norm = 1.000000

e368285d1433cb45d64c5e44d3a43482
  [+0.0485, -0.0507, -0.0348, +0.0489, +0.1284, -0.0073, +0.0033, +0.0413, -0.0386, +0.0165, -0.0535, +0.0130, ...]
  L2 norm = 1.000000

fe66da0474d7080c531683b2fc43d912
  [+0.0439, -0.1061, -0.1233, +0.0260, +0.0596, +0.0483, +0.0067, +0.0732, -0.0240, -0.0296, -0.0252, -0.0657, ...]
  L2 norm = 1.000000

92cb379ca8b2a7958ae0ad23c9814e67
  [+0.0106, -0.0559, -0.1059, -0.0050, -0.0097, +0.0763, -0.0228, +0.0608, -0.0235, -0.0607, +0.0282, -0.0714, ...]
  L2 norm = 1.000000

29a419235ba433da8f6a9a15e1bf117a
  [+0.0152, -0.0694, -0.0196, +0.0462, +0.0801, -0.0145, +0.0510, +0.0118, -0.0057, +0.0274, -0.0352, -0.0168, ...]
  L2 norm = 1.000000

3693a053b553c55d465fe137d95f3bff
  [+0.0461, -0.0781, -0.0827, -0.0007, +0.0409, -0.0201, +0.0473, +0.0007, -0.0117, -0.0016, -0.0256, -0.0448, ...]
  L2 norm = 1.000000

efe91372d7c3ad32718147d424843519
  [+0.0090, -0.0548, -0.0501, +0.0146, +0.0402, +0.0066, +0.0275, -0.0042, -0.0254, +0.0036, +0.0030, +0.0043, ...]
  L2 norm = 1.000000

5a914a5a8466aa940ddca8576e2ee6da
  [-0.0275, -0.0413, -0.0442, -0.0273, +0.0702, -0.0232, +0.0579, +0.0364, -0.0136, +0.0025, -0.0295, -0.0062, ...]
  L2 norm = 1.000000

e907f17aa5f21b1efde74910bcde4c2f
  [+0.0408, -0.0562, -0.0707, +0.0091, +0.0097, -0.0178, -0.0420, +0.0997, +0.0477, +0.0318, -0.0399, +0.0465, ...]
  L2 norm = 1.000000

361f0c4f7925beca9412b911374e6b27
  [+0.0246, -0.0661, -0.0692, +0.0104, +0.0593, -0.0391, -0.0045, +0.0339, -0.0395, +0.0016, -0.0199, -0.0692, ...]
  L2 norm = 1.000000

edd254ccbd225c36b749470add4f0704
  [+0.0639, -0.0777, -0.0931, -0.0139, +0.0701, -0.0256, +0.0658, -0.0051, -0.0014, +0.0332, +0.0114, -0.0550, ...]
  L2 norm = 1.000000

d5a31053934165d0b57e07d7e5f63107
  [+0.0867, -0.0864, -0.0973, -0.0297, +0.0184, -0.0211, +0.0073, +0.0017, -0.0419, -0.0217, -0.0193, -0.0649, ...]
  L2 norm = 1.000000

26c3b7c62513bc3e08043b6901d16ee8
  [+0.0181, -0.0692, -0.0410, -0.0060, -0.0093, -0.0236, -0.0507, +0.0540, +0.0225, -0.0107, +0.0119, -0.0916, ...]
  L2 norm = 1.000000

057203f72c51f94675d8ade70a5ab2b8
  [+0.0688, -0.0107, -0.1396, +0.0663, -0.0391, -0.0012, -0.0156, +0.0679, -0.0100, +0.0345, +0.0112, -0.0827, ...]
  L2 norm = 1.000000

6a8f66edd8260e1bd3a716fbac70d031
  [+0.0412, -0.1046, -0.0971, +0.0161, -0.0196, -0.0178, +0.0381, +0.0499, +0.0285, -0.0629, +0.0500, -0.0469, ...]
  L2 norm = 1.000000

686ab888dbd9948340e5fc0c47f66dcf
  [+0.0529, -0.0978, -0.0616, +0.0412, +0.0342, +0.0359, +0.0287, +0.0315, -0.0053, -0.0738, +0.0709, -0.0446, ...]
  L2 norm = 1.000000

34f722203be39723d0080c823a611249
  [+0.0440, -0.0888, -0.0822, +0.0304, +0.0200, +0.0171, +0.0208, -0.0175, +0.0100, -0.0688, +0.0557, -0.0450, ...]
  L2 norm = 1.000000

371a2f6a72fdac1ca38d4588692f017d
  [+0.0560, -0.0808, -0.0324, +0.0284, -0.0016, +0.0006, -0.0051, +0.0154, -0.0084, -0.0491, +0.0765, -0.0502, ...]
  L2 norm = 1.000000

69c51b9c903615f648357214d6d324bc
  [+0.0374, -0.0913, -0.0491, +0.0171, +0.0092, +0.0182, +0.0130, -0.0050, -0.0331, -0.0309, +0.0924, -0.0815, ...]
  L2 norm = 1.000000

db6797172e08abffe1560f7347d0f4e0
  [-0.0025, -0.0782, -0.0405, +0.0419, +0.0349, -0.0069, +0.0455, +0.0188, +0.0379, -0.0503, +0.0226, +0.0248, ...]
  L2 norm = 1.000000

2f9abf02f8b474f9493be32fb44dca0f
  [+0.0195, -0.0546, -0.0774, -0.0002, +0.0510, -0.0074, +0.0343, +0.1058, +0.0030, +0.0307, +0.0591, -0.0825, ...]
  L2 norm = 1.000000

233a910e23b25ec43a23c60c503d4c92
  [+0.0887, -0.0460, -0.0294, +0.0824, +0.1394, +0.0005, -0.0317, +0.0917, -0.0255, +0.0328, +0.0021, -0.0602, ...]
  L2 norm = 1.000000

c93f4acd21e05bba91fe99eff1680b93
  [+0.0831, -0.0633, -0.0384, +0.0258, +0.1631, +0.0726, +0.1079, +0.0464, -0.0157, +0.0417, -0.0084, -0.0250, ...]
  L2 norm = 1.000000

3cb9dffc65c850d8bc32a392dfbb4c67
  [+0.0632, -0.0371, -0.0026, +0.0537, +0.1334, +0.0191, +0.0196, +0.0961, -0.0052, +0.0747, +0.0473, -0.0369, ...]
  L2 norm = 1.000000

b127da2732cd6979471ced450aff0b48
  [+0.0387, -0.0442, +0.0244, +0.0770, +0.1264, +0.0081, +0.0292, +0.0842, -0.0050, +0.0527, +0.0612, -0.0353, ...]
  L2 norm = 1.000000

7d22e5a60829692a9fe1fd9b8ae482ad
  [+0.0383, -0.0493, -0.0129, +0.0625, +0.1211, -0.0256, +0.0338, +0.0823, -0.0002, +0.0648, +0.0413, -0.0565, ...]
  L2 norm = 1.000000

56903ab00cc93135a57fb53880867ba4
  [+0.0724, -0.0517, -0.0232, +0.0536, +0.1279, +0.0150, +0.0035, +0.0945, -0.0150, +0.0744, +0.0534, -0.0249, ...]
  L2 norm = 1.000000

481d56526bf336003aa123222da9eed0
  [+0.0892, -0.0499, -0.0379, +0.0494, +0.1247, -0.0045, +0.0107, +0.0949, -0.0089, +0.0741, +0.0423, -0.0324, ...]
  L2 norm = 1.000000

2125ad2bf0c7f8ab43e50fcf299baef9
  [+0.0624, -0.0397, -0.0215, +0.0657, +0.1228, +0.0103, +0.0077, +0.0847, -0.0187, +0.0719, +0.0622, -0.0286, ...]
  L2 norm = 1.000000

585fb04f69ec8b27368b7f94acb67ecd
  [+0.0771, -0.0424, -0.0229, +0.0555, +0.1264, -0.0049, +0.0023, +0.0878, -0.0048, +0.0729, +0.0460, -0.0329, ...]
  L2 norm = 1.000000

664889f483aaad3e98af3b46c1c3745e
  [+0.0656, -0.0393, -0.0690, -0.0043, +0.0701, +0.0056, +0.0210, +0.0648, -0.0402, +0.0515, +0.0732, -0.0719, ...]
  L2 norm = 1.000000

b67fe384bef09b15a1d543fdd4bc6f0f
  [+0.0419, -0.0468, +0.0146, +0.0339, +0.1051, -0.0023, +0.0344, +0.0520, -0.0540, +0.0565, +0.0523, -0.0676, ...]
  L2 norm = 1.000000

73253fb0d132d00453e5e373f050550e
  [+0.0159, -0.0925, -0.0294, +0.0143, +0.0338, -0.0025, -0.0608, -0.0093, -0.0480, -0.0096, +0.0090, -0.0462, ...]
  L2 norm = 1.000000

9ef7e5775d9cf9f3ccb266d163301ac0
  [-0.0183, -0.1077, -0.0303, -0.0184, +0.0604, +0.0166, -0.0008, -0.0351, -0.0377, -0.0411, -0.0437, -0.0639, ...]
  L2 norm = 1.000000

0bee852cc745825a1d214573443169e7
  [+0.0513, -0.0682, -0.0580, -0.0013, +0.0710, +0.0309, -0.0182, +0.0003, -0.0368, -0.0295, -0.0195, -0.0401, ...]
  L2 norm = 1.000000

6d81d56c6731d9af2ff3f3918e88241c
  [+0.0599, -0.1005, -0.0095, -0.0018, +0.1420, +0.0506, +0.0081, +0.0246, -0.0554, +0.0145, +0.0042, -0.0563, ...]
  L2 norm = 1.000000

e1768454bdd1c1b3eb27fa11dd42ccfb
  [+0.0864, -0.0870, -0.0226, +0.0006, +0.1547, +0.0376, -0.0318, +0.0068, -0.0311, +0.0239, +0.0064, -0.0734, ...]
  L2 norm = 1.000000

256bc4f2a002d8a21fad62648c350591
  [+0.0491, -0.0583, -0.0022, +0.0176, +0.0700, +0.0353, -0.0740, -0.0006, -0.0689, -0.0045, +0.0224, -0.0596, ...]
  L2 norm = 1.000000

1d8f04545f6a7af0c69676a33caafcfe
  [+0.0547, -0.0755, -0.0169, -0.0173, +0.1105, +0.0787, -0.0253, +0.0099, -0.0642, +0.0120, -0.0154, -0.0651, ...]
  L2 norm = 1.000000

e72fe69750b9e4f30717ef28ac078781
  [-0.0181, -0.0358, -0.0393, -0.0053, -0.0168, +0.1354, -0.0271, +0.0106, -0.0409, +0.0381, -0.0661, -0.0401, ...]
  L2 norm = 1.000000

3b8549138b14483eb7f8399ce04f4c4d
  [+0.0192, -0.0466, -0.0453, +0.0048, +0.0831, +0.0642, +0.0272, +0.0390, -0.0187, +0.0058, -0.0374, -0.0289, ...]
  L2 norm = 1.000000

73a2507e5f1f6bb1790c6ebe6b0e0a0d
  [+0.1013, -0.0342, -0.0703, +0.0042, +0.1327, +0.0225, +0.0497, +0.0926, -0.0713, +0.0392, +0.0211, -0.0668, ...]
  L2 norm = 1.000000

d7142d0566cf369704eeca0dcb53c811
  [+0.0860, -0.0172, -0.0223, +0.0663, +0.1264, -0.0048, -0.0170, +0.0857, -0.0523, +0.0481, -0.0780, -0.0648, ...]
  L2 norm = 1.000000

b61fbdda780fce906332ccceeb8f0604
  [+0.0796, -0.0553, -0.0037, +0.0983, +0.1347, +0.0027, +0.0088, +0.0885, -0.0457, +0.0472, -0.0476, -0.0400, ...]
  L2 norm = 1.000000

09b41c3be7bd484118338f3b9b4e4e12
  [+0.0481, -0.1007, -0.1229, +0.0377, +0.0630, +0.0463, +0.0041, +0.0813, -0.0313, -0.0182, -0.0348, -0.0620, ...]
  L2 norm = 1.000000

802e9fb92087779684f8318e5445bea7
  [+0.0045, -0.0570, -0.0908, -0.0153, -0.0084, +0.0679, -0.0191, +0.0458, -0.0296, -0.0662, +0.0340, -0.0673, ...]
  L2 norm = 1.000000

da1cbb830b338e85229c2963d08cacb7
  [+0.0106, -0.0666, -0.0213, +0.0440, +0.0759, -0.0165, +0.0496, +0.0117, -0.0048, +0.0266, -0.0360, -0.0172, ...]
  L2 norm = 1.000000

4e67ce000f13c2ce8b83f172b717e6b8
  [+0.0461, -0.0781, -0.0827, -0.0007, +0.0409, -0.0201, +0.0473, +0.0007, -0.0117, -0.0016, -0.0256, -0.0448, ...]
  L2 norm = 1.000000

54bdbec797e9061ec8c52db0d8897e6f
  [+0.0090, -0.0548, -0.0501, +0.0146, +0.0402, +0.0066, +0.0275, -0.0042, -0.0254, +0.0036, +0.0030, +0.0043, ...]
  L2 norm = 1.000000

67ec498f8b4cba85d7fea6ee7e7e1974
  [-0.0275, -0.0413, -0.0442, -0.0273, +0.0702, -0.0232, +0.0579, +0.0364, -0.0136, +0.0025, -0.0295, -0.0062, ...]
  L2 norm = 1.000000

7e73289dcf4c088fe263f464ca6a0381
  [+0.0408, -0.0562, -0.0707, +0.0091, +0.0097, -0.0178, -0.0420, +0.0997, +0.0477, +0.0318, -0.0399, +0.0465, ...]
  L2 norm = 1.000000

e373f72352bfe9890ba4d9cefd20be07
  [+0.0090, -0.0657, -0.0741, +0.0021, +0.0536, -0.0420, -0.0064, +0.0270, -0.0372, -0.0032, -0.0312, -0.0652, ...]
  L2 norm = 1.000000

eb1db39991e0cfb851a9a8d4e9f527ac
  [+0.0639, -0.0777, -0.0931, -0.0139, +0.0701, -0.0256, +0.0658, -0.0051, -0.0014, +0.0332, +0.0114, -0.0550, ...]
  L2 norm = 1.000000

f0d5c2b488c54c8fa3ba7ce698a8f56a
  [+0.0867, -0.0864, -0.0973, -0.0297, +0.0184, -0.0211, +0.0073, +0.0017, -0.0419, -0.0217, -0.0193, -0.0649, ...]
  L2 norm = 1.000000

4974e86f24a5bb7d491185de782a29a4
  [+0.0242, -0.0705, -0.0404, -0.0058, -0.0082, -0.0206, -0.0478, +0.0541, +0.0240, -0.0111, +0.0102, -0.0887, ...]
  L2 norm = 1.000000

4067bf5e9a610d7f21f7765c0d59d6bc
  [+0.0632, -0.0114, -0.1476, +0.0648, -0.0482, -0.0019, -0.0085, +0.0759, -0.0047, +0.0280, +0.0091, -0.0986, ...]
  L2 norm = 1.000000

6f7b6bdc0eb862b96d2eecdf2823196e
  [+0.0250, -0.0541, -0.1026, +0.0301, +0.0039, -0.0145, +0.0236, +0.0190, +0.0079, -0.0553, +0.0431, -0.0717, ...]
  L2 norm = 1.000000

9b124117d993adf8e21e1ad7eeb41220
  [+0.0703, -0.0619, -0.0830, +0.0040, -0.0417, +0.0064, +0.0277, +0.0197, +0.0172, -0.0564, +0.0577, -0.0560, ...]
  L2 norm = 1.000000

18ecb57040551584303d0ee2a1f842f8
  [-0.0108, -0.0613, -0.1009, +0.0289, +0.0053, +0.0042, -0.0050, +0.0435, -0.0059, -0.0406, +0.0300, -0.0695, ...]
  L2 norm = 1.000000

ba23f55bb0a19900439150002b3da0a7
  [-0.0110, -0.0522, -0.0805, +0.0118, -0.0022, +0.0144, -0.0119, +0.0541, -0.0006, -0.0337, +0.0191, -0.0387, ...]
  L2 norm = 1.000000

d5a0a5c0c8059d9e5086ead53ce58b98
  [+0.0310, -0.0521, -0.1093, +0.0253, +0.0268, +0.0281, -0.0255, +0.0895, +0.0042, -0.0091, -0.0000, -0.0312, ...]
  L2 norm = 1.000000

33575f73b1789091920f3d12b7b04161
  [+0.0030, -0.0434, -0.0930, +0.0244, +0.0076, +0.0026, -0.0555, +0.0602, +0.0027, -0.0136, +0.0229, -0.0329, ...]
  L2 norm = 1.000000

2e631c1bbd03bc3003b608841fc4da77
  [+0.0225, -0.0329, -0.0765, +0.0322, -0.0297, +0.0162, -0.0343, +0.0089, +0.0068, -0.0562, +0.0450, -0.0511, ...]
  L2 norm = 1.000000

8bb8080c5b90e988ffaf794fcdd09403
  [+0.0090, -0.0282, -0.0878, +0.0023, -0.0537, -0.0138, -0.0017, +0.0523, +0.0151, -0.0307, +0.0134, -0.0623, ...]
  L2 norm = 1.000000

b1fc6d36a7bb84c471ac97cd46de5a68
  [-0.0166, +0.0024, -0.1083, +0.0221, -0.0189, +0.0015, -0.0298, +0.1066, -0.0004, -0.0315, +0.0073, -0.0461, ...]
  L2 norm = 1.000000

a1b7e75aad6dab0fb8cde10fd01f806a
  [-0.0062, -0.0761, -0.0848, +0.0365, +0.0426, +0.0186, -0.0460, +0.0621, -0.0430, -0.0153, +0.0176, -0.0288, ...]
  L2 norm = 1.000000

c2027ac7a1486acd3728d796369b6509
  [+0.0067, -0.0294, -0.1189, -0.0000, +0.0247, +0.0039, -0.0167, +0.0846, +0.0317, +0.0054, +0.0383, -0.0454, ...]
  L2 norm = 1.000000

2536edccd76fca728adef1054c46e612
  [+0.0262, -0.0231, -0.1068, +0.0340, -0.0204, +0.0120, -0.0104, +0.0366, +0.0334, -0.0189, +0.0424, -0.0407, ...]
  L2 norm = 1.000000

2a55bb1fdf1ef0168aefef253fc4f9ed
  [-0.0226, -0.0402, -0.0856, -0.0066, -0.0242, +0.0028, -0.0383, +0.0781, +0.0020, -0.0304, +0.0132, -0.0068, ...]
  L2 norm = 1.000000

69e750558569dfe1d95e8f9a63a7b589
  [+0.0251, -0.0479, -0.0755, +0.0148, +0.0084, +0.0151, -0.0038, +0.0558, +0.0332, -0.0187, +0.0083, +0.0006, ...]
  L2 norm = 1.000000

174664a533359299134766cffb788a2b
  [+0.0409, -0.0098, -0.1069, +0.0252, +0.0350, +0.0391, -0.0831, +0.0397, +0.0251, +0.0178, +0.0282, -0.0509, ...]
  L2 norm = 1.000000

9f3683e9572faafeb473a65121c9e07c
  [-0.0001, -0.0134, -0.0874, +0.0202, +0.0182, -0.0370, -0.0188, +0.0388, -0.0229, +0.0054, +0.0268, -0.0489, ...]
  L2 norm = 1.000000

f750b1d8983ec5f626f51a12f3c41bff
  [+0.0574, -0.0497, -0.0845, +0.0194, +0.0132, +0.0250, -0.0204, +0.0375, -0.0278, -0.0275, +0.0084, -0.0468, ...]
  L2 norm = 1.000000

052c06de2f16b0882533f7f048c206d1
  [+0.0440, -0.0479, -0.1028, +0.0178, +0.0220, +0.0148, -0.0633, +0.0318, -0.0234, -0.0020, +0.0157, -0.0464, ...]
  L2 norm = 1.000000

cc2650dbb6b963ca40014cfcb552ba95
  [-0.0361, -0.0191, -0.0990, +0.0037, +0.0357, -0.0014, -0.0354, +0.1044, -0.0084, -0.0251, -0.0403, -0.0493, ...]
  L2 norm = 1.000000

f7c8e492fe182deeaa098f39de624f17
  [-0.0038, -0.0394, -0.1127, -0.0111, +0.0272, -0.0311, -0.0577, +0.0204, +0.0020, -0.0055, +0.0157, -0.0670, ...]
  L2 norm = 1.000000

4755385ba3c476523bfd1d8ad63b1fe1
  [+0.0329, -0.0586, -0.1173, -0.0043, +0.0397, +0.0235, -0.0126, +0.0573, -0.0388, -0.0292, +0.0212, -0.0535, ...]
  L2 norm = 1.000000

d9ab4076ee2f9a3189e500444e063b31
  [+0.0273, -0.0523, -0.0848, +0.0060, +0.0207, -0.0068, -0.0288, +0.0346, +0.0195, +0.0113, +0.0307, -0.0576, ...]
  L2 norm = 1.000000

2a9b36c316de838f6e3612c43afb2a24
  [+0.0167, -0.0922, -0.0785, -0.0071, +0.0107, +0.0034, -0.0366, +0.0468, -0.0562, -0.0242, +0.0253, -0.0418, ...]
  L2 norm = 1.000000

f3e5652344b21124a833990246f4b183
  [+0.0178, -0.0337, -0.0772, -0.0162, +0.0001, -0.0151, -0.0199, +0.0274, -0.0334, -0.0565, +0.0535, -0.0674, ...]
  L2 norm = 1.000000

08528d19dd6b35b5119c1684c090e80b
  [-0.0142, -0.0221, -0.0830, +0.0063, +0.0355, -0.0104, +0.0028, +0.0461, +0.0165, -0.0618, -0.0109, -0.0216, ...]
  L2 norm = 1.000000

f78cc06ed440aedb90bf230e1b2ab4f1
  [-0.0140, -0.0068, -0.0755, -0.0048, +0.0311, +0.0161, -0.0202, +0.1027, -0.0311, +0.0092, -0.0111, +0.0008, ...]
  L2 norm = 1.000000

02ef3dce69d14bdff2049a8cf68ebda6
  [-0.0059, -0.0139, -0.0628, +0.0236, +0.0137, +0.0048, -0.0269, +0.0253, -0.0262, -0.0672, +0.0297, -0.0483, ...]
  L2 norm = 1.000000

3ea8cad61015e81dcf56473aab1c536b
  [-0.0079, -0.0337, -0.0736, +0.0241, +0.0168, +0.0021, -0.0276, +0.0536, -0.0309, -0.0367, +0.0109, -0.0525, ...]
  L2 norm = 1.000000

70dd8b1eb040c1a6201b9d313d6a370a
  [-0.0026, -0.0192, -0.0824, +0.0191, +0.0780, +0.0144, +0.0008, +0.0553, +0.0101, -0.0065, +0.0376, -0.0425, ...]
  L2 norm = 1.000000

73ab31a18066fb0b26cd7c652dee1ca9
  [-0.0460, -0.0218, -0.0775, +0.0131, +0.0132, -0.0001, +0.0064, +0.0604, +0.0141, -0.0445, +0.0086, +0.0355, ...]
  L2 norm = 1.000000

cd10514bd2cf62fbf058a5e8dc2e0d54
  [+0.0222, -0.0192, -0.0611, +0.0494, +0.0702, +0.0096, -0.0450, +0.0224, -0.0140, -0.0140, +0.0209, -0.0379, ...]
  L2 norm = 1.000000

d1fb5854ad7347e6548d614bd1988809
  [-0.0267, -0.0151, -0.0473, -0.0014, +0.0307, -0.0134, -0.0267, +0.0776, -0.0402, +0.0231, -0.0016, -0.0136, ...]
  L2 norm = 1.000000

beb2f38f1d69df38fc47ac5e37f2bb7e
  [+0.0161, -0.0296, -0.1211, -0.0089, +0.0633, +0.0104, -0.0307, +0.0494, -0.0407, -0.0281, -0.0038, -0.0508, ...]
  L2 norm = 1.000000

1139221d834c6fb141d339d556a7ad86
  [-0.0011, -0.0223, -0.0910, -0.0070, +0.0738, -0.0167, -0.0405, +0.0291, +0.0012, +0.0037, +0.0158, -0.0367, ...]
  L2 norm = 1.000000

88ae37ebe2acfe2ab21fae544b0507bb
  [+0.0104, -0.0558, -0.1015, -0.0547, +0.0600, +0.0155, -0.0307, +0.0942, +0.0121, -0.0402, +0.0227, -0.0252, ...]
  L2 norm = 1.000000

e5306ebbde9eece19566009508385ee3
  [+0.0159, -0.0006, -0.0869, -0.0248, +0.0196, -0.0031, -0.0162, +0.0955, -0.0262, +0.0016, +0.0231, -0.0745, ...]
  L2 norm = 1.000000

a84f97414fa965e8a6f6aa374c3f3090
  [+0.0299, -0.0421, -0.0595, +0.0572, +0.1146, -0.0035, -0.0430, +0.0845, -0.0260, +0.0096, -0.0226, -0.0428, ...]
  L2 norm = 1.000000

608718dbb5ad9ee498e6df498febf075
  [+0.0609, -0.0644, -0.0440, +0.0170, +0.1605, +0.0733, +0.1001, +0.0392, -0.0132, +0.0372, -0.0212, -0.0204, ...]
  L2 norm = 1.000000

40f4dc3f8d5e3e2948600c2f00ad4e50
  [+0.0306, -0.0390, -0.0416, +0.0135, +0.1244, +0.0350, -0.0007, +0.0756, -0.0309, +0.0526, +0.0318, -0.0176, ...]
  L2 norm = 1.000000

1a190a37b3968f05316e8d27cca8c49e
  [+0.0220, -0.0222, -0.0391, +0.0326, +0.1340, -0.0012, -0.0014, +0.0561, -0.0624, +0.0517, +0.0592, -0.0389, ...]
  L2 norm = 1.000000

588aba2020150a96dc263f2d5a60a738
  [+0.0351, -0.0319, -0.0409, +0.0222, +0.1280, -0.0101, +0.0013, +0.0590, -0.0425, +0.0459, +0.0561, -0.0425, ...]
  L2 norm = 1.000000

e26ce868ef281bbd322fe0780e4f6434
  [+0.0076, -0.0409, +0.0065, +0.0628, +0.1117, +0.0190, +0.0125, +0.0690, -0.0112, +0.0381, +0.0455, -0.0260, ...]
  L2 norm = 1.000000

fca0f366e5a05c40e098b344b695326d
  [+0.0083, -0.0444, -0.0295, +0.0475, +0.1054, -0.0126, +0.0158, +0.0667, -0.0080, +0.0486, +0.0264, -0.0458, ...]
  L2 norm = 1.000000

b8ec04090f5177ede891762fde53322d
  [+0.0295, -0.0474, -0.0453, +0.0360, +0.1119, +0.0319, -0.0180, +0.0733, -0.0218, +0.0549, +0.0322, -0.0114, ...]
  L2 norm = 1.000000

8798ba2191197d7d4990675c0491f087
  [+0.0489, -0.0439, -0.0599, +0.0342, +0.1114, +0.0125, -0.0096, +0.0767, -0.0160, +0.0550, +0.0222, -0.0196, ...]
  L2 norm = 1.000000

138a3948c961957fbbd85297e10c1d20
  [+0.0384, -0.0269, -0.0786, +0.0065, +0.0391, +0.0161, +0.0116, +0.0534, +0.0003, +0.0294, +0.0239, -0.0691, ...]
  L2 norm = 1.000000

b1439770cdb022ec96a02f4f4d2aa8be
  [+0.0011, -0.0494, -0.0879, +0.0019, +0.0860, +0.0072, -0.0065, +0.0142, -0.0252, -0.0030, -0.0210, -0.0863, ...]
  L2 norm = 1.000000

4cee79b05a954fcf6065842adff032a6
  [-0.0078, -0.0579, -0.1196, +0.0139, +0.0654, +0.0021, -0.0152, -0.0004, -0.0097, +0.0101, -0.0173, -0.0628, ...]
  L2 norm = 1.000000

dae121eae77404fff5b9c9ea10e584a6
  [+0.0432, -0.0408, -0.0674, +0.0256, +0.0917, +0.0329, -0.0530, +0.0111, -0.0189, +0.0237, +0.0031, -0.0713, ...]
  L2 norm = 1.000000

4e0b46cff7f627d8d1b8015cf201ccdf
  [+0.0095, -0.0431, -0.0047, +0.0406, +0.1284, +0.0802, -0.0366, +0.0232, -0.0355, +0.0310, -0.0060, -0.0689, ...]
  L2 norm = 1.000000

153c145a5031d6975465e46b50a551ac
  [+0.0300, -0.0696, -0.0521, +0.0163, +0.1072, +0.0146, -0.0117, -0.0043, +0.0108, -0.0160, -0.0403, -0.0732, ...]
  L2 norm = 1.000000

f1a08344f35317f8e030b5daff8bcb11
  [+0.0039, -0.0841, -0.0290, +0.0114, +0.0747, -0.0262, +0.0119, -0.0123, -0.0071, -0.0317, -0.0657, -0.0746, ...]
  L2 norm = 1.000000

66c2dcfdc8c176e36a511ae31b07d103
  [+0.0809, -0.0789, -0.0665, +0.0005, +0.0935, +0.0244, +0.0524, -0.0168, -0.0168, -0.0322, -0.0503, -0.0337, ...]
  L2 norm = 1.000000

4fa260f70833143eb0c279e2b3d9c9d9
  [+0.0353, -0.0609, -0.0004, +0.0276, +0.1441, +0.0196, +0.0267, +0.0026, -0.0357, +0.0133, -0.0288, -0.0687, ...]
  L2 norm = 1.000000

d557e39f3df698ef967ac9f17a693e92
  [+0.0780, -0.0615, -0.0367, +0.0289, +0.0925, +0.0238, -0.0079, -0.0077, -0.0116, +0.0182, -0.0356, -0.0524, ...]
  L2 norm = 1.000000

c088d4289d54d9a7ecdcc85723c3bc03
  [+0.0739, -0.0846, -0.0171, +0.0492, +0.0977, +0.0187, -0.0317, -0.0108, -0.0343, +0.0026, -0.0261, -0.0811, ...]
  L2 norm = 1.000000

6d616acc238ed3c1785e1b8f75762d0d
  [+0.0528, -0.0878, +0.0033, +0.0350, +0.1117, +0.0327, -0.0174, -0.0038, -0.0411, +0.0252, -0.0350, -0.0894, ...]
  L2 norm = 1.000000

e4f1b0119e12d3d7a026458c65c25e67
  [-0.0056, -0.0780, -0.0314, +0.0111, +0.0331, -0.0060, -0.0557, -0.0013, -0.0428, -0.0190, +0.0088, -0.0361, ...]
  L2 norm = 1.000000

276062fcf03035977d27229563f981a8
  [-0.0168, -0.1060, -0.0319, -0.0220, +0.0683, +0.0161, +0.0002, -0.0325, -0.0356, -0.0360, -0.0459, -0.0664, ...]
  L2 norm = 1.000000

1df46548bee89fc94699a7f9dd194ef2
  [+0.0542, -0.0696, -0.0554, -0.0099, +0.0752, +0.0359, -0.0192, -0.0006, -0.0383, -0.0246, -0.0150, -0.0387, ...]
  L2 norm = 1.000000

a807db953352e8bb93b8e4059c39eb6a
  [+0.0299, -0.0864, +0.0018, -0.0146, +0.1311, +0.0643, -0.0010, +0.0239, -0.0660, +0.0064, -0.0192, -0.0660, ...]
  L2 norm = 1.000000

8ac143d9c328332155495c2d5ebe415b
  [+0.0747, -0.0817, -0.0264, -0.0003, +0.1414, +0.0555, -0.0381, +0.0215, -0.0451, +0.0113, -0.0191, -0.0784, ...]
  L2 norm = 1.000000

62b2917afd4385690a228f310264858e
  [+0.0541, -0.0600, +0.0001, +0.0188, +0.0870, +0.0399, -0.0636, -0.0061, -0.0713, -0.0100, +0.0250, -0.0733, ...]
  L2 norm = 1.000000

449de3776a5878d4131bcff8e6684770
  [+0.0301, -0.0579, -0.0113, -0.0061, +0.0937, +0.0780, +0.0225, +0.0319, -0.0371, +0.0133, -0.0271, -0.0549, ...]
  L2 norm = 1.000000

372983bf2004b47663931df853e831e3
  [+0.0309, -0.0299, -0.0654, +0.0117, +0.0415, +0.0463, +0.0179, +0.0263, -0.0407, +0.0121, -0.0330, -0.0466, ...]
  L2 norm = 1.000000

4be300d6c00e958222ee8c81593ad0a3
  [+0.0222, -0.1085, -0.0191, +0.0399, +0.1038, +0.0265, +0.0202, +0.0321, -0.0729, -0.0121, -0.0352, -0.1107, ...]
  L2 norm = 1.000000

d02494bc55558aeba0bbd6d20b82da69
  [+0.0605, -0.0847, -0.0420, +0.0154, +0.0799, +0.0611, +0.0075, +0.0143, -0.0129, +0.0024, -0.0554, -0.0950, ...]
  L2 norm = 1.000000

400df77ae0f44f66df945324a6c15120
  [+0.0281, -0.0847, -0.0044, +0.0438, +0.1253, +0.0186, +0.0255, +0.0100, -0.0509, +0.0046, -0.0431, -0.0639, ...]
  L2 norm = 1.000000

4436b400f7921cde1a32f3ce67e59360
  [+0.0815, -0.0548, -0.0395, +0.0302, +0.0859, +0.0198, -0.0078, -0.0031, -0.0150, +0.0216, -0.0392, -0.0595, ...]
  L2 norm = 1.000000

a2edc485d58714bef0e299a4e376f446
  [+0.0204, -0.0989, -0.0162, +0.0343, +0.0743, +0.0241, +0.0464, +0.0084, -0.0475, -0.0163, -0.0419, -0.0741, ...]
  L2 norm = 1.000000

f18649f1a67b80229df7305512ee8fca
  [+0.0082, -0.0819, -0.0191, -0.0169, +0.0492, +0.0033, +0.0576, -0.0098, +0.0013, -0.0147, -0.0349, -0.0446, ...]
  L2 norm = 1.000000

b6baa25ec4e8c8fa5d433913f11ae79a
  [-0.0030, -0.0346, -0.0190, +0.0142, +0.0061, +0.0337, +0.0407, -0.0078, +0.0102, +0.0033, +0.0015, -0.0654, ...]
  L2 norm = 1.000000

ddee28fbc7db89ad5556dbf308985a1e
  [+0.0725, -0.0737, -0.0489, +0.0019, +0.1382, +0.0392, +0.0385, +0.0101, -0.0417, +0.0245, +0.0043, -0.0558, ...]
  L2 norm = 1.000000

5d02901617d9c86a5055e77edd87cb96
  [-0.0160, -0.0374, -0.1133, -0.0254, +0.0787, +0.0259, +0.0153, +0.0550, -0.0678, +0.0132, +0.0073, -0.0816, ...]
  L2 norm = 1.000000

31e872897932994773caf6a3f5c0f8fe
  [+0.0488, -0.0180, -0.0788, +0.0056, +0.0849, -0.0178, -0.0153, +0.0469, -0.0592, +0.0401, -0.0654, -0.0521, ...]
  L2 norm = 1.000000

32818f2894311d4b24e9eaab139eaf0c
  [+0.0402, -0.0455, -0.0652, +0.0266, +0.0885, -0.0106, +0.0079, +0.0436, -0.0604, +0.0301, -0.0293, -0.0285, ...]
  L2 norm = 1.000000

6b5aa374331bdc4a24034aad9edc67ec
  [+0.0515, -0.0954, -0.1204, +0.0201, +0.0538, +0.0488, +0.0058, +0.0690, -0.0375, -0.0190, -0.0271, -0.0714, ...]
  L2 norm = 1.000000

edd31d5dfd82c0ee58acad40cbbf44f2
  [+0.0121, -0.0579, -0.0968, -0.0061, -0.0061, +0.0720, -0.0251, +0.0419, -0.0372, -0.0667, +0.0304, -0.0720, ...]
  L2 norm = 1.000000

e2dd578b1cb2651c9833c9c3ed79e1e8
  [+0.0636, -0.0987, -0.0476, +0.0430, +0.1145, +0.0248, +0.0015, +0.0474, -0.0076, -0.0123, -0.0186, -0.0275, ...]
  L2 norm = 1.000000

03e8ba6d435a45ca0630a85d70cedaa8
  [+0.0898, -0.0509, -0.0302, -0.0212, +0.1179, +0.0015, +0.0235, +0.0701, -0.0431, -0.0360, -0.0288, -0.0171, ...]
  L2 norm = 1.000000

5da4d458be4438d706ef6bdbe359df72
  [+0.0824, -0.0494, -0.0308, -0.0234, +0.1032, +0.0116, +0.0257, +0.0669, -0.0768, -0.0500, -0.0430, +0.0035, ...]
  L2 norm = 1.000000

b89e798b14581d865f1e5119f2e9608f
  [+0.0554, -0.0428, -0.0901, -0.0100, +0.1427, +0.0288, +0.1114, +0.0329, +0.0448, +0.0416, -0.0042, -0.0623, ...]
  L2 norm = 1.000000

92f761adf146f3d2b989c62e5eabcbc2
  [+0.0887, -0.0396, -0.1320, +0.0797, +0.0851, -0.0242, +0.0572, +0.0785, -0.0261, +0.0624, -0.0213, -0.0403, ...]
  L2 norm = 1.000000

3989614e33fe42f7028abe8bc206a938
  [+0.0593, -0.0481, -0.0688, +0.0230, +0.0975, +0.0147, +0.0393, +0.1041, -0.0246, -0.0015, +0.0028, -0.0411, ...]
  L2 norm = 1.000000

20876b8d0a34f44839a39fb32cec5e5e
  [+0.0325, -0.0705, -0.0180, +0.0565, +0.1117, +0.0443, +0.0084, +0.0751, -0.0433, +0.0067, -0.0166, +0.0040, ...]
  L2 norm = 1.000000

8fa8b9d0c4b8aaf569fa56121a86d083
  [+0.0325, -0.0705, -0.0180, +0.0565, +0.1117, +0.0443, +0.0084, +0.0751, -0.0433, +0.0067, -0.0166, +0.0040, ...]
  L2 norm = 1.000000

1ef503dea0c0203174c9638c1f8d9192
  [+0.0673, -0.1018, -0.0622, +0.0643, +0.1481, +0.0159, +0.0236, +0.0902, -0.0408, +0.0064, -0.0368, -0.0026, ...]
  L2 norm = 1.000000

a7fdfeb3999f6e613e3853ccf85cc279
  [+0.0708, -0.1063, -0.0723, +0.0621, +0.1573, +0.0139, +0.0205, +0.0866, -0.0390, +0.0066, -0.0364, -0.0169, ...]
  L2 norm = 1.000000

a36cf8199fa38912aaae9b3879bbf77d
  [+0.0681, -0.0266, -0.0630, +0.0077, +0.0837, +0.0321, +0.0755, +0.1224, -0.0220, +0.0055, -0.0019, -0.0626, ...]
  L2 norm = 1.000000

1e3ca6a7fdf0751b72c1740900d870b5
  [+0.0433, -0.0361, -0.0735, -0.0017, +0.0844, +0.0105, +0.0492, +0.0606, -0.0358, -0.0024, -0.0125, -0.0599, ...]
  L2 norm = 1.000000

c4e05e0a0cc28a4574c729ea1109dcf9
  [+0.0440, -0.0645, -0.0765, +0.0041, +0.1285, +0.0262, +0.1127, +0.0203, +0.0530, +0.0418, -0.0292, -0.0373, ...]
  L2 norm = 1.000000

b9ee86b7ae2500a0b6c516d0e85fc50a
  [+0.0601, -0.0615, -0.0473, +0.0142, +0.1060, +0.0108, +0.0757, +0.0375, +0.0130, +0.0404, -0.0425, -0.0456, ...]
  L2 norm = 1.000000

9e96f23d307de7048c404945b0881d85
  [+0.0792, -0.0354, -0.0503, +0.0189, +0.1484, +0.0178, +0.0616, +0.0586, +0.0106, +0.0225, -0.0234, -0.0547, ...]
  L2 norm = 1.000000

1a5277677de88ed29d0c7c0c5e45b961
  [+0.0820, -0.0362, -0.0486, +0.0193, +0.1498, +0.0192, +0.0607, +0.0609, +0.0068, +0.0247, -0.0234, -0.0579, ...]
  L2 norm = 1.000000

9d0d9abc3040a011138e0ab3fb55e1b8
  [+0.0838, -0.0338, -0.0520, +0.0171, +0.1507, +0.0192, +0.0622, +0.0620, +0.0070, +0.0246, -0.0236, -0.0588, ...]
  L2 norm = 1.000000

91f2147070e3dc6a0b24e0f7de9587c6
  [+0.0674, -0.0788, -0.0332, +0.0525, +0.1377, +0.0393, +0.0283, +0.0850, -0.0502, +0.0154, -0.0311, +0.0062, ...]
  L2 norm = 1.000000

3f77be26d656f2a7767f9cb9b31393bb
  [+0.0656, -0.0261, -0.0557, +0.0157, +0.1458, +0.0168, +0.0590, +0.0582, +0.0186, +0.0157, -0.0242, -0.0572, ...]
  L2 norm = 1.000000

485e2fbe26650ea1c13d79c8d2b4bedd
  [+0.0928, -0.0916, -0.0248, +0.0380, +0.1584, +0.0543, +0.0389, +0.0448, -0.0728, +0.0328, -0.0058, -0.0644, ...]
  L2 norm = 1.000000

1c779b833b4c858e6e4550a93ff1e011
  [+0.0031, -0.0802, -0.0305, +0.0185, +0.1043, +0.0591, -0.0093, -0.0237, +0.0338, +0.0221, +0.0194, +0.0299, ...]
  L2 norm = 1.000000

c22acc40b5f7fc22dfc94e09ddcfc1a6
  [-0.0001, -0.0802, -0.0308, +0.0209, +0.1014, +0.0595, -0.0072, -0.0217, +0.0374, +0.0173, +0.0231, +0.0336, ...]
  L2 norm = 1.000000

34c3c3c93329757e0ba136129e41968e
  [+0.0007, -0.0774, -0.0339, +0.0252, +0.1059, +0.0510, -0.0119, -0.0223, +0.0432, +0.0106, +0.0132, +0.0318, ...]
  L2 norm = 1.000000

b3ea4c5ca00d8e2ac4ffc8e53df7775d
  [+0.0624, -0.0656, -0.0924, +0.0110, +0.1210, +0.0171, +0.1007, +0.0390, +0.0151, +0.0460, -0.0604, -0.0447, ...]
  L2 norm = 1.000000

365df68d7f0587ce6f1c821a44ca9151
  [+0.1007, -0.0496, -0.1029, +0.0587, +0.0948, +0.0022, +0.0593, +0.0520, -0.0087, +0.0644, -0.0094, -0.0763, ...]
  L2 norm = 1.000000

9b92b8e055b57eab5347aa84db64cf35
  [+0.0644, -0.0574, -0.0731, +0.0476, +0.0969, +0.0039, +0.0076, +0.0725, -0.0405, -0.0197, -0.0960, -0.0004, ...]
  L2 norm = 1.000000

da92c6327431e96c4caa47b72738b1c4
  [+0.0677, -0.0636, -0.0705, +0.0604, +0.0933, +0.0225, -0.0216, +0.0609, -0.0264, -0.0227, -0.0899, +0.0166, ...]
  L2 norm = 1.000000

17d75b2f257f718d348a29b46fa73464
  [+0.0670, -0.0578, -0.0743, +0.0502, +0.0954, +0.0054, +0.0125, +0.0691, -0.0486, -0.0178, -0.0920, +0.0078, ...]
  L2 norm = 1.000000

6780df19d4df857cfe4ba30cce65282f
  [+0.0841, -0.0787, -0.0354, +0.0566, +0.1437, -0.0014, -0.0606, +0.0307, -0.0881, +0.0158, -0.0381, -0.0188, ...]
  L2 norm = 1.000000

39a88f13b9b2234f2816b4a0ef0120e9
  [+0.0748, -0.0889, -0.0942, +0.0349, +0.1095, +0.0162, -0.0062, +0.1061, -0.0744, +0.0029, -0.0728, -0.0105, ...]
  L2 norm = 1.000000

330ced2276cdf3b66729d4449e776c7a
  [+0.0610, -0.0882, -0.0280, +0.0843, +0.1295, +0.0043, +0.0180, +0.0343, -0.0291, +0.0176, +0.0122, -0.0098, ...]
  L2 norm = 1.000000

6365369c2f30c28f2912a6a2c694d1b1
  [+0.0647, -0.0797, -0.0438, +0.0539, +0.1013, +0.0148, +0.0402, +0.0569, -0.0058, -0.0201, -0.0154, -0.0472, ...]
  L2 norm = 1.000000

5752cee8627e9d1241602b0adc3c537f
  [+0.0677, -0.0809, -0.0449, +0.0355, +0.0708, -0.0075, +0.0460, +0.0414, -0.0648, +0.0047, -0.0273, -0.0416, ...]
  L2 norm = 1.000000

28dd741edf28173bb61f6246057aa484
  [+0.0592, -0.1088, -0.0237, +0.0372, +0.0973, +0.0265, +0.0085, +0.0536, -0.0483, +0.0669, -0.0153, -0.0044, ...]
  L2 norm = 1.000000

607072033bb4b4b355223307f6d1f291
  [+0.0705, -0.0642, -0.0103, +0.0373, +0.1609, +0.0495, +0.0315, +0.0161, -0.0617, +0.0260, -0.0516, -0.0810, ...]
  L2 norm = 1.000000

99789f7675910ca2e45afd3889b47217
  [+0.0521, -0.0482, -0.0163, +0.0550, +0.1375, -0.0082, -0.0200, +0.0509, +0.0002, -0.0093, -0.0326, -0.0097, ...]
  L2 norm = 1.000000

6f01c4ce5b9d02c1971d4449ea6f3391
  [+0.0508, -0.0766, -0.0356, +0.0412, +0.0889, +0.0674, +0.0474, +0.0580, -0.0680, +0.0574, +0.0069, -0.0408, ...]
  L2 norm = 1.000000

c92f138f8d404788466e10a4afd6948d
  [+0.0694, -0.0678, -0.0311, +0.0404, +0.0907, +0.0492, +0.0409, +0.0755, -0.0349, +0.0655, -0.0000, -0.0432, ...]
  L2 norm = 1.000000

753a2d13b0f2efd4d40fa5470ee9b974
  [+0.0431, -0.0700, -0.0094, +0.0486, +0.0977, +0.0581, +0.0176, +0.0159, -0.0397, +0.0641, -0.0025, -0.0332, ...]
  L2 norm = 1.000000

5fb117a80ee0df9e36b80d23b01037d5
  [+0.0243, -0.0698, -0.0532, +0.0569, +0.0763, +0.0564, +0.0571, +0.0024, -0.0617, +0.0233, +0.0388, -0.0199, ...]
  L2 norm = 1.000000

400819ab3de66ee3674f3febe0ccf7ae
  [+0.0373, -0.0856, -0.0297, -0.0451, +0.1264, +0.0593, +0.0282, +0.1050, -0.1231, -0.0278, -0.0674, -0.0050, ...]
  L2 norm = 1.000000

738149cf24836ed030a3247947797361
  [+0.0451, -0.0926, -0.0610, +0.0406, +0.1216, +0.0377, -0.0083, +0.0577, -0.0398, -0.0022, -0.0086, -0.0142, ...]
  L2 norm = 1.000000

d324e26f13fea71c3926a2ddc4d9a7e6
  [+0.0872, -0.1041, -0.0327, -0.0452, +0.0946, +0.0669, +0.0206, +0.0955, -0.1235, -0.0061, -0.0729, -0.0242, ...]
  L2 norm = 1.000000

1f5841174fa194abed1418b91101ee05
  [+0.0507, -0.0997, -0.0747, -0.0119, +0.0748, +0.0609, +0.0408, +0.0572, -0.0211, +0.0801, -0.0176, -0.0250, ...]
  L2 norm = 1.000000

99c5a112d986e16dde956f08115bd9b8
  [+0.0506, -0.0920, -0.0756, +0.0511, +0.1317, +0.0403, +0.0030, +0.0531, +0.0119, -0.0421, +0.0025, -0.0316, ...]
  L2 norm = 1.000000

75525b29b21a46a8528db7bdebffdbaf
  [+0.0633, -0.0739, -0.0358, +0.0424, +0.1794, +0.0149, -0.0125, +0.0540, -0.0111, -0.0334, -0.0328, +0.0026, ...]
  L2 norm = 1.000000

4e5fc3fbc06d06813a6e65598cad2084
  [+0.0644, -0.0630, -0.0686, +0.0268, +0.1724, +0.0150, +0.0258, +0.0462, -0.0382, -0.0313, -0.0170, -0.0035, ...]
  L2 norm = 1.000000

68157c88bcef8b52a869afc2ff957a59
  [+0.0544, -0.1000, +0.0042, +0.0019, +0.1188, +0.0329, -0.0162, +0.0447, -0.0720, -0.0371, -0.0361, -0.0091, ...]
  L2 norm = 1.000000

e1b29b74fa9d94f964bcc76eb90353f6
  [+0.0694, -0.1213, -0.0894, +0.0015, +0.0506, +0.0535, +0.0207, +0.0520, -0.0328, +0.0456, +0.0333, -0.0662, ...]
  L2 norm = 1.000000

6ec39c3c39c0b269268f0c60f2755eaa
  [+0.0312, -0.0202, -0.1074, -0.0131, +0.1013, +0.0088, +0.1130, +0.0235, +0.0541, +0.0368, +0.0022, -0.0584, ...]
  L2 norm = 1.000000

79e34526655775d4f7847d27d4650e98
  [+0.0748, -0.0203, -0.1592, +0.0723, +0.0598, -0.0110, +0.0400, +0.0763, -0.0278, +0.0567, -0.0041, -0.0429, ...]
  L2 norm = 1.000000

4d25f13bc8be2666406937107425bc84
  [+0.0565, -0.0516, -0.0947, +0.0256, +0.0605, +0.0375, +0.0135, +0.1069, -0.0318, -0.0011, +0.0203, -0.0886, ...]
  L2 norm = 1.000000

4551e4b25dc88860ffeeba8c5d8d2cfc
  [+0.0330, -0.0657, -0.0563, +0.0458, +0.0696, +0.0688, -0.0384, +0.0813, -0.0476, -0.0002, +0.0050, -0.0525, ...]
  L2 norm = 1.000000

0070837337190359893d0c501639d989
  [+0.0330, -0.0657, -0.0563, +0.0458, +0.0696, +0.0688, -0.0384, +0.0813, -0.0476, -0.0002, +0.0050, -0.0525, ...]
  L2 norm = 1.000000

5c4d835774a0e169bee9f81ea79072bf
  [+0.0695, -0.1166, -0.1079, +0.0640, +0.1186, +0.0233, -0.0074, +0.0923, -0.0449, +0.0069, -0.0130, -0.0413, ...]
  L2 norm = 1.000000

7c2342a7e2fb1699a74585f0a73f73c4
  [+0.0732, -0.1254, -0.1182, +0.0720, +0.1374, +0.0296, -0.0108, +0.0874, -0.0391, -0.0023, -0.0080, -0.0664, ...]
  L2 norm = 1.000000

2487169c4ae7c37eb112a4d737f1ab6b
  [+0.0614, -0.0342, -0.0889, +0.0054, +0.0418, +0.0259, +0.0459, +0.1163, -0.0341, +0.0205, +0.0288, -0.0915, ...]
  L2 norm = 1.000000

93fe4d15095fd621b3a72d5a8d00be0d
  [+0.0448, -0.0352, -0.0950, -0.0009, +0.0556, +0.0122, +0.0390, +0.0663, -0.0317, +0.0014, +0.0129, -0.0748, ...]
  L2 norm = 1.000000

9f7e547d5e2facada84ea342eed8282a
  [+0.0135, -0.0304, -0.0862, -0.0026, +0.0944, +0.0087, +0.1180, +0.0072, +0.0790, +0.0405, -0.0145, -0.0291, ...]
  L2 norm = 1.000000

dc506b335cf9cd6acb5d6672fdffac41
  [+0.0489, -0.0548, -0.0815, +0.0237, +0.0901, +0.0231, +0.0602, +0.0556, +0.0183, +0.0307, -0.0225, -0.0673, ...]
  L2 norm = 1.000000

67e0758ce0f5dbd72d88ea8b9a56f75f
  [+0.0763, -0.0258, -0.0757, +0.0253, +0.1274, +0.0346, +0.0579, +0.0694, +0.0161, +0.0182, -0.0009, -0.0750, ...]
  L2 norm = 1.000000

bf15d5cabe1b34f99b230f5a13b73fac
  [+0.0766, -0.0268, -0.0745, +0.0238, +0.1317, +0.0381, +0.0607, +0.0693, +0.0125, +0.0182, -0.0023, -0.0764, ...]
  L2 norm = 1.000000

75cc27379007c884abd5c0e451f982c1
  [+0.0796, -0.0289, -0.0827, +0.0278, +0.1367, +0.0372, +0.0560, +0.0762, +0.0082, +0.0119, +0.0007, -0.0782, ...]
  L2 norm = 1.000000

77ddace3e5375b840c5a43cbdd68eac7
  [+0.0612, -0.0924, -0.0788, +0.0496, +0.0910, +0.0625, -0.0065, +0.0865, -0.0607, +0.0278, +0.0010, -0.0345, ...]
  L2 norm = 1.000000

7c08ae28fcf95e89824013ea988cf918
  [+0.0695, -0.0216, -0.0826, +0.0241, +0.1316, +0.0346, +0.0494, +0.0710, +0.0115, +0.0067, +0.0009, -0.0805, ...]
  L2 norm = 1.000000

e966b1d97e78e0f178eb0052d07163d6
  [+0.0957, -0.0920, -0.0850, +0.0521, +0.1288, +0.0734, +0.0194, +0.0524, -0.0819, +0.0423, +0.0253, -0.1043, ...]
  L2 norm = 1.000000

2bf6bf5b1eb8cc56e40c4ba67ee8cfc1
  [-0.0066, -0.0764, -0.0653, +0.0154, +0.0790, +0.0747, -0.0116, -0.0322, +0.0410, +0.0278, +0.0375, +0.0195, ...]
  L2 norm = 1.000000

116bb72cef4b493fff376b274621235e
  [-0.0104, -0.0742, -0.0629, +0.0160, +0.0746, +0.0761, -0.0087, -0.0323, +0.0445, +0.0254, +0.0413, +0.0226, ...]
  L2 norm = 1.000000

2a3dc152e3d950839410cd876d63af4e
  [-0.0007, -0.0831, -0.0650, +0.0209, +0.0802, +0.0765, -0.0153, -0.0169, +0.0365, +0.0251, +0.0361, +0.0185, ...]
  L2 norm = 1.000000

03721f5e35001006f7ab62b7efb0e46f
  [+0.0386, -0.0397, -0.0864, +0.0174, +0.0635, -0.0083, +0.0902, +0.0277, +0.0404, +0.0427, -0.0507, -0.0267, ...]
  L2 norm = 1.000000

a1a1f606b8dbfa63002b1a98112e9df1
  [+0.0810, -0.0398, -0.1277, +0.0623, +0.0710, +0.0131, +0.0496, +0.0594, -0.0037, +0.0569, +0.0137, -0.0758, ...]
  L2 norm = 1.000000

3f15991e6cb58faf001086e167449583
  [+0.0528, -0.0596, -0.1011, +0.0615, +0.0653, +0.0150, -0.0137, +0.0487, -0.0627, -0.0507, -0.1016, +0.0116, ...]
  L2 norm = 1.000000

d522d3dd0259b3e5c624a74d1e7e0c98
  [+0.0604, -0.0612, -0.1058, +0.0665, +0.0711, +0.0374, -0.0305, +0.0717, -0.0429, -0.0301, -0.0706, +0.0064, ...]
  L2 norm = 1.000000

0f1533baacc06fa9c4e1ed4799cae13d
  [+0.0611, -0.0695, -0.1018, +0.0588, +0.0555, +0.0254, -0.0098, +0.0549, -0.0670, -0.0327, -0.0835, +0.0089, ...]
  L2 norm = 1.000000

51d313052c572e42b0f21f2b953ceaf6
  [+0.0675, -0.0790, -0.0612, +0.0644, +0.1604, +0.0060, -0.0635, +0.0490, -0.0759, -0.0184, -0.0103, -0.0191, ...]
  L2 norm = 1.000000

dde4ba3c941400943cf6c3a776b2000b
  [+0.0678, -0.0730, -0.1289, +0.0372, +0.1139, +0.0118, -0.0253, +0.1123, -0.0513, -0.0221, -0.0327, -0.0095, ...]
  L2 norm = 1.000000

be7946e505abb48d8dcdf6226067152b
  [+0.0531, -0.0801, -0.0582, +0.0951, +0.1462, +0.0178, +0.0096, +0.0478, -0.0184, -0.0004, +0.0291, -0.0140, ...]
  L2 norm = 1.000000

1f0ced41d7f5f68a6cab734627e1bacf
  [+0.0232, -0.0537, -0.0446, +0.0380, +0.0998, +0.0184, +0.0379, +0.0762, -0.0238, -0.0396, +0.0058, -0.0567, ...]
  L2 norm = 1.000000

6a19b7bc8520e5ed4fe3bff3a1587cbf
  [+0.0598, -0.0733, -0.0722, +0.0436, +0.0917, +0.0010, +0.0313, +0.0589, -0.0508, -0.0150, -0.0045, -0.0427, ...]
  L2 norm = 1.000000

f0641ba3817ef9181d6257f9edf1566a
  [+0.0551, -0.1006, -0.0539, +0.0510, +0.1185, +0.0334, -0.0024, +0.0713, -0.0381, +0.0448, +0.0061, -0.0127, ...]
  L2 norm = 1.000000

22e43e2d52cff5ffc31f22e0acfcb5f3
  [+0.0291, -0.0809, -0.0146, +0.0553, +0.1766, +0.0666, +0.0111, +0.0292, -0.0152, -0.0055, -0.0452, -0.0422, ...]
  L2 norm = 1.000000

8ea1fd7c491a3a94a0a201409b6e4254
  [+0.0510, -0.0454, -0.0479, +0.0696, +0.1565, -0.0010, -0.0280, +0.0578, +0.0072, -0.0273, -0.0086, -0.0108, ...]
  L2 norm = 1.000000

3739739e5a420bb19c4e77e059969ab3
  [+0.0621, -0.0685, -0.0540, +0.0560, +0.1127, +0.0515, +0.0251, +0.0786, -0.0205, +0.0429, +0.0314, -0.0381, ...]
  L2 norm = 1.000000

4e496ef3485d02d2b9538b005081573c
  [+0.0337, -0.0716, -0.0382, +0.0663, +0.1184, +0.0677, +0.0093, +0.0192, -0.0317, +0.0391, +0.0276, -0.0237, ...]
  L2 norm = 1.000000

2e3489fa12105ed11f3ea1f8501e90b2
  [+0.0210, -0.0777, -0.0735, -0.0270, +0.1284, +0.0618, +0.0198, +0.1102, -0.0887, -0.0473, -0.0174, -0.0306, ...]
  L2 norm = 1.000000

4fb6e9b4852a94b1add3258a0ac181e2
  [+0.0374, -0.0796, -0.0908, +0.0521, +0.1395, +0.0501, -0.0170, +0.0686, -0.0303, -0.0202, +0.0158, -0.0173, ...]
  L2 norm = 1.000000

760a23208df130dea42a0ce7eab291bc
  [+0.0645, -0.0672, -0.0609, +0.0464, +0.1673, +0.0121, +0.0209, +0.0592, -0.0239, -0.0169, -0.0145, -0.0337, ...]
  L2 norm = 1.000000

7f30bce7b26760efff0a12abcb8e5b02
  [+0.0698, -0.0924, -0.0672, +0.0331, +0.1341, +0.0033, +0.0112, +0.0456, +0.0092, +0.0013, -0.0226, +0.0015, ...]
  L2 norm = 1.000000

61c3be0ef681d5f0baaa1200554e7a9a
  [+0.0599, -0.0302, -0.0562, +0.0147, +0.1783, +0.0474, +0.0029, +0.1323, +0.0086, +0.0048, -0.0281, -0.0204, ...]
  L2 norm = 1.000000

7402f8036132f7cc15edc514bd914f33
  [+0.0589, -0.0710, -0.0327, +0.0143, +0.1153, +0.0543, -0.0377, +0.0575, -0.1001, -0.0178, -0.0423, +0.0303, ...]
  L2 norm = 1.000000

33efe948a52e0354cfa211e981324510
  [+0.0817, -0.1007, -0.0626, -0.0042, +0.1078, +0.0430, +0.0386, +0.1070, -0.0463, -0.0068, -0.0444, -0.0220, ...]
  L2 norm = 1.000000

14cae2d1fa410bcaf27a698a050edd5d
  [+0.0809, -0.0500, -0.0611, +0.0317, +0.1519, +0.0267, +0.0423, +0.0944, -0.0534, -0.0165, -0.0456, -0.0182, ...]
  L2 norm = 1.000000

51e43e17a27f70aea308f3d10460c59e
  [+0.0957, -0.0822, -0.0546, -0.0081, +0.1543, -0.0210, -0.0026, +0.0883, +0.0351, -0.0687, -0.0284, -0.0567, ...]
  L2 norm = 1.000000

5b03071810bb5f3ea92cf63ed8985e07
  [+0.0605, -0.1340, -0.0722, +0.0273, +0.0818, +0.0543, +0.0559, +0.0940, -0.0233, -0.0164, -0.0325, +0.0029, ...]
  L2 norm = 1.000000

86daf01e631882d0a6180e47740033b9
  [+0.0615, -0.0592, -0.0587, -0.0115, +0.1105, +0.0517, +0.0050, +0.0685, -0.0830, -0.0096, -0.0311, +0.0047, ...]
  L2 norm = 1.000000

ba831e30262a3f605f9926391052ac37
  [+0.0903, -0.0910, -0.0319, +0.0257, +0.1865, +0.0035, -0.0152, +0.0971, -0.0017, -0.0092, -0.0397, -0.0031, ...]
  L2 norm = 1.000000

5b420c7465b8b5333bdbfdb7c0427fb2
  [+0.0892, -0.0437, -0.0674, +0.0221, +0.0585, +0.0277, +0.0523, +0.1297, +0.0130, -0.0258, -0.0144, -0.0773, ...]
  L2 norm = 1.000000

f89427ef09d7c68e714cd6e4c44e2de6
  [+0.0860, -0.0637, -0.0966, -0.0085, +0.0346, +0.0209, +0.0099, +0.1169, -0.0330, +0.0006, -0.0113, -0.0774, ...]
  L2 norm = 1.000000

56d92979a393b86c45b2ec4f4f377b5a
  [+0.0860, -0.0637, -0.0966, -0.0085, +0.0346, +0.0209, +0.0099, +0.1169, -0.0330, +0.0006, -0.0113, -0.0774, ...]
  L2 norm = 1.000000

4ce6b88249283603e4fe6d5740b1b6c5
  [+0.0447, -0.0846, -0.0963, +0.0277, +0.1175, +0.0230, -0.0194, +0.0538, -0.0447, -0.0544, -0.0553, -0.0322, ...]
  L2 norm = 1.000000

4488af74979fd9d2500189fff7451c9c
  [+0.0434, -0.0564, -0.0486, +0.0185, +0.1636, +0.0744, +0.0127, +0.0327, -0.0315, +0.0068, +0.0012, -0.0428, ...]
  L2 norm = 1.000000

0a15e9a33b4668fb3e14476503f6ea39
  [+0.0384, -0.0454, -0.0356, +0.0232, +0.1586, +0.0774, +0.0433, +0.0502, -0.0392, +0.0105, +0.0021, -0.0161, ...]
  L2 norm = 1.000000

8c468c75dedf56e9fc822faaba3ff0fe
  [+0.0288, -0.0555, -0.0439, -0.0373, +0.1303, +0.0857, -0.0191, +0.0152, -0.0427, +0.0060, +0.0294, -0.0129, ...]
  L2 norm = 1.000000

b4d975b672a908c6191fddfc5051d6cf
  [+0.0204, -0.0371, -0.0655, -0.0386, +0.1308, +0.0655, +0.0202, +0.0239, -0.0354, +0.0136, -0.0005, -0.0035, ...]
  L2 norm = 1.000000

b86a3affe805de503d180f6302daa7fa
  [+0.0328, -0.0295, -0.0867, -0.0115, +0.1482, +0.0491, +0.1105, +0.0121, +0.0607, +0.0379, +0.0032, -0.0451, ...]
  L2 norm = 1.000000

d496885e6ecc4e28cf6c39ebf59172b7
  [+0.0772, -0.0285, -0.1266, +0.0680, +0.0935, -0.0071, +0.0557, +0.0474, -0.0143, +0.0671, -0.0166, -0.0130, ...]
  L2 norm = 1.000000

25d396b3753d1b20751667621b15ec89
  [+0.0478, -0.0327, -0.0652, +0.0138, +0.1197, +0.0480, +0.0502, +0.0832, -0.0181, -0.0113, -0.0030, -0.0324, ...]
  L2 norm = 1.000000

238a70bfaf39782b0dea701fd9c5cdd7
  [+0.0169, -0.0531, -0.0337, +0.0175, +0.1403, +0.0843, +0.0204, +0.0566, -0.0363, +0.0107, +0.0105, -0.0152, ...]
  L2 norm = 1.000000

dd8e3691b5b113f73a149cb6ef5e4aac
  [+0.0169, -0.0531, -0.0337, +0.0175, +0.1403, +0.0843, +0.0204, +0.0566, -0.0363, +0.0107, +0.0105, -0.0152, ...]
  L2 norm = 1.000000

c429dc78802e8a1969e54933663ec241
  [+0.0495, -0.0878, -0.0568, +0.0306, +0.1618, +0.0441, +0.0347, +0.0780, -0.0438, +0.0141, -0.0168, -0.0044, ...]
  L2 norm = 1.000000

343a3ec4b53eb7895f0da3eb9214b5b0
  [+0.0499, -0.0968, -0.0713, +0.0325, +0.1737, +0.0474, +0.0198, +0.0776, -0.0420, +0.0102, -0.0188, -0.0194, ...]
  L2 norm = 1.000000

8a1d90a202a1dbe5339cebb60a9947b8
  [+0.0568, -0.0116, -0.0630, +0.0037, +0.1164, +0.0702, +0.0629, +0.0854, -0.0186, -0.0036, -0.0095, -0.0565, ...]
  L2 norm = 1.000000

3bc941975f83baa6c627f95a3a135c61
  [+0.0340, -0.0266, -0.0774, -0.0108, +0.1031, +0.0418, +0.0378, +0.0454, -0.0367, -0.0096, -0.0093, -0.0465, ...]
  L2 norm = 1.000000

6e20eff787fa1c700dea33762b3318cb
  [+0.0398, -0.0415, -0.0862, -0.0094, +0.1466, +0.0525, +0.1023, +0.0061, +0.0639, +0.0359, +0.0024, -0.0285, ...]
  L2 norm = 1.000000

5ea56a1be6d8545c3d72aeb44cdf725d
  [+0.0451, -0.0446, -0.0554, -0.0063, +0.1305, +0.0412, +0.0692, +0.0283, +0.0230, +0.0367, -0.0190, -0.0398, ...]
  L2 norm = 1.000000

6c69b25434d3e2ccb783d29e63b2d565
  [+0.0553, -0.0189, -0.0651, +0.0136, +0.1708, +0.0485, +0.0630, +0.0320, +0.0244, +0.0214, -0.0018, -0.0521, ...]
  L2 norm = 1.000000

7639c47cfa95b599adbb2a25a109cb7f
  [+0.0545, -0.0143, -0.0681, +0.0130, +0.1690, +0.0524, +0.0595, +0.0308, +0.0227, +0.0191, -0.0017, -0.0556, ...]
  L2 norm = 1.000000

2e41261ce0a7560fdc2fc1db26be6e14
  [+0.0525, -0.0163, -0.0712, +0.0126, +0.1693, +0.0520, +0.0587, +0.0312, +0.0239, +0.0187, -0.0051, -0.0585, ...]
  L2 norm = 1.000000

e0f9ae2e2c8166fb7b230857c2ad3aa5
  [+0.0413, -0.0437, -0.0419, +0.0174, +0.1532, +0.0813, +0.0596, +0.0604, -0.0306, +0.0147, +0.0052, -0.0107, ...]
  L2 norm = 1.000000

fe34794c5e9891a7bbe6ac787be0abaa
  [+0.0444, -0.0163, -0.0718, +0.0042, +0.1641, +0.0513, +0.0592, +0.0341, +0.0251, +0.0145, -0.0048, -0.0608, ...]
  L2 norm = 1.000000

197e70d6eabf63a95e73fa10b463587f
  [+0.0628, -0.0745, -0.0477, +0.0300, +0.1828, +0.0815, +0.0349, +0.0172, -0.0470, +0.0168, +0.0054, -0.0741, ...]
  L2 norm = 1.000000

0ee1e97f0cfee9c872d145de80d58116
  [-0.0219, -0.0711, -0.0478, -0.0078, +0.1185, +0.0776, -0.0107, -0.0419, +0.0422, +0.0141, +0.0463, +0.0333, ...]
  L2 norm = 1.000000

9d47e60b6b0fbf8b39f0f0ebff419a03
  [-0.0231, -0.0730, -0.0503, -0.0039, +0.1180, +0.0798, -0.0031, -0.0427, +0.0410, +0.0158, +0.0470, +0.0368, ...]
  L2 norm = 1.000000

26eee80b806e39591c9de3127428100b
  [-0.0200, -0.0704, -0.0538, -0.0034, +0.1173, +0.0732, -0.0076, -0.0400, +0.0472, +0.0087, +0.0410, +0.0335, ...]
  L2 norm = 1.000000

6566ea8b690a99f4b6387348d2d9bd46
  [+0.0430, -0.0432, -0.1050, +0.0121, +0.1304, +0.0360, +0.0875, +0.0131, +0.0306, +0.0600, -0.0427, -0.0164, ...]
  L2 norm = 1.000000

32dbd8afd7aa281f2ebdc28fcf479eb0
  [+0.0805, -0.0351, -0.1264, +0.0492, +0.1183, +0.0294, +0.0714, +0.0404, -0.0025, +0.0732, +0.0105, -0.0629, ...]
  L2 norm = 1.000000

50aed56673dcea0889cac02414d1a780
  [+0.0355, -0.0476, -0.0804, +0.0375, +0.1115, +0.0401, -0.0021, +0.0318, -0.0256, -0.0212, -0.0914, +0.0208, ...]
  L2 norm = 1.000000

7294a3471b9bf92870dee8ee9d04bc81
  [+0.0416, -0.0555, -0.0887, +0.0387, +0.1034, +0.0474, -0.0158, +0.0485, -0.0111, -0.0122, -0.0645, +0.0110, ...]
  L2 norm = 1.000000

220c399a6dd07030f28c07fa762034d5
  [+0.0379, -0.0503, -0.0821, +0.0339, +0.1006, +0.0434, +0.0055, +0.0268, -0.0342, -0.0204, -0.0798, +0.0222, ...]
  L2 norm = 1.000000

aa1f30ed5dc69593832059bdb1056aca
  [+0.0605, -0.0586, -0.0591, +0.0245, +0.1602, +0.0351, -0.0461, +0.0261, -0.0784, +0.0059, -0.0087, -0.0277, ...]
  L2 norm = 1.000000

b4e787ed4a0af7bbf19350080b6aface
  [+0.0595, -0.0583, -0.1196, +0.0037, +0.1033, +0.0220, -0.0161, +0.0845, -0.0393, +0.0033, -0.0489, +0.0050, ...]
  L2 norm = 1.000000

11d6c60bf4efb78ee6aa3175018e642c
  [+0.0514, -0.0621, -0.0444, +0.0477, +0.1500, +0.0384, +0.0309, +0.0215, -0.0299, +0.0235, +0.0286, -0.0082, ...]
  L2 norm = 1.000000

41755d38353aac60b29e5237c265ca11
  [+0.0424, -0.0600, -0.0750, +0.0165, +0.0962, +0.0634, +0.0650, +0.0422, -0.0070, +0.0416, -0.0077, -0.0527, ...]
  L2 norm = 1.000000

1d9fda8a0e6d2434f94b2700d5056596
  [+0.0608, -0.0642, -0.0653, -0.0029, +0.0883, +0.0248, +0.0547, +0.0346, -0.0583, +0.0103, -0.0126, -0.0350, ...]
  L2 norm = 1.000000

94a8f95338201eed361404555d9d1a5e
  [+0.0536, -0.0917, -0.0420, +0.0114, +0.1231, +0.0455, +0.0195, +0.0485, -0.0387, +0.0650, +0.0020, -0.0036, ...]
  L2 norm = 1.000000

b17933d07bdb9ce3360e0e3375caf0a0
  [+0.0343, -0.0414, -0.0147, +0.0195, +0.1631, +0.0876, +0.0071, +0.0032, -0.0621, +0.0404, -0.0090, -0.0741, ...]
  L2 norm = 1.000000

8688910d8d72f568db58146b5bda60d2
  [+0.0213, -0.0399, -0.0372, +0.0249, +0.1368, +0.0028, -0.0028, +0.0208, -0.0065, -0.0009, -0.0187, -0.0055, ...]
  L2 norm = 1.000000

e1b2a4afdc6a63b1f919b6b0da577eca
  [+0.0143, -0.0904, -0.0596, -0.0699, +0.1082, +0.0872, +0.0176, +0.0620, -0.0823, -0.0297, -0.0357, +0.0036, ...]
  L2 norm = 1.000000

7234dbb47af8a56d1517fdc7c8766cfd
  [+0.0375, -0.0664, -0.0718, +0.0079, +0.1508, +0.0761, +0.0038, +0.0422, -0.0387, +0.0113, +0.0104, -0.0155, ...]
  L2 norm = 1.000000

8f978a51d0946f02d8407d0dcda17741
  [+0.0328, -0.0897, -0.0915, -0.0250, +0.0656, +0.1061, +0.0200, +0.0419, -0.0162, +0.0685, +0.0069, -0.0456, ...]
  L2 norm = 1.000000

30fdc751cb15b01b2a1f53d1c2cc6bca
  [+0.0456, -0.0521, -0.0880, -0.0313, +0.0932, +0.0814, +0.0690, +0.0658, -0.0621, +0.0184, -0.0141, -0.0469, ...]
  L2 norm = 1.000000

c9f1d8147f5c13f958a9f45ab69284ca
  [+0.0176, -0.0333, -0.0587, -0.0384, +0.0655, +0.0677, +0.0265, +0.0515, -0.0103, +0.0457, -0.0022, -0.0078, ...]
  L2 norm = 1.000000

17d306b8be745fc2e434ea9e69a721b9
  [+0.0113, -0.0369, -0.0614, -0.0346, +0.0621, +0.0493, +0.0243, +0.0484, +0.0005, +0.0407, +0.0020, +0.0180, ...]
  L2 norm = 1.000000

3dae04fa93d49fff781fc9055bd49d20
  [+0.0776, -0.0804, -0.0510, +0.0568, +0.1275, +0.0410, +0.0061, +0.0575, -0.0032, -0.0062, -0.0007, -0.0398, ...]
  L2 norm = 1.000000

446d8959ca8916c0a13af308fb414a99
  [+0.0805, -0.0635, -0.0070, +0.0480, +0.1287, +0.0410, +0.0672, +0.0720, -0.0589, +0.0033, -0.0152, +0.0291, ...]
  L2 norm = 1.000000

9e6d2a1ccb8545be9ca71fb3994aa7c4
  [+0.1064, -0.0378, -0.0500, +0.0206, +0.1607, +0.0557, +0.0330, +0.0363, -0.0490, +0.0023, -0.0295, -0.0224, ...]
  L2 norm = 1.000000

e13211ccab47978ba82616b650e68471
  [+0.0890, -0.0639, -0.0232, -0.0101, +0.1280, +0.0693, +0.0383, +0.0444, -0.0334, +0.0060, -0.0459, +0.0111, ...]
  L2 norm = 1.000000

166aff52dbdfc86edf9c90da027e0d95
  [+0.1030, -0.0429, -0.0250, +0.0608, +0.1568, +0.0581, +0.0268, +0.0643, -0.0224, +0.0206, -0.0436, -0.0044, ...]
  L2 norm = 1.000000

fe100bf650b4a1ff14e9c7f96af616e8
  [+0.1055, -0.0826, +0.0431, +0.0117, +0.1251, +0.0645, -0.0133, +0.0441, -0.0850, +0.0000, -0.0471, -0.0195, ...]
  L2 norm = 1.000000

8db2c3e62a3fdbd2d3030739530c4fac
  [+0.0890, -0.0857, -0.0790, +0.0146, +0.0594, +0.0470, +0.0333, +0.0486, -0.0374, +0.0660, +0.0212, -0.0768, ...]
  L2 norm = 1.000000

bd1519adae6f9afc4aedf687aa16b3cc
  [+0.0686, -0.0187, -0.0885, -0.0011, +0.1415, +0.0428, +0.1197, +0.0335, +0.0413, +0.0446, +0.0049, -0.0658, ...]
  L2 norm = 1.000000

d3871a86f58c1d4367f0d7104fec0428
  [+0.1190, -0.0072, -0.0975, +0.0971, +0.1002, +0.0006, +0.0464, +0.0899, -0.0323, +0.0730, -0.0194, -0.0412, ...]
  L2 norm = 1.000000

96340eacf9335f598d38f615574fb28f
  [+0.0799, -0.0228, -0.0719, +0.0068, +0.0943, +0.0407, +0.0504, +0.1107, -0.0319, +0.0188, +0.0154, -0.0392, ...]
  L2 norm = 1.000000

4351bd3f2ee51c2e983a0faa2526dc5d
  [+0.0606, -0.0364, -0.0381, +0.0355, +0.1031, +0.0761, +0.0114, +0.0955, -0.0504, +0.0229, -0.0011, -0.0035, ...]
  L2 norm = 1.000000

00ea4586c54496683ff1296acfd9262e
  [+0.0606, -0.0364, -0.0381, +0.0355, +0.1031, +0.0761, +0.0114, +0.0955, -0.0504, +0.0229, -0.0011, -0.0035, ...]
  L2 norm = 1.000000

e4fbe2a0f87f08c111573b1280b9cbf5
  [+0.1029, -0.0719, -0.0555, +0.0409, +0.1401, +0.0385, +0.0231, +0.0933, -0.0433, +0.0314, -0.0242, -0.0085, ...]
  L2 norm = 1.000000

0a25131493f68a2f21d877dacfb2ee84
  [+0.1065, -0.0753, -0.0672, +0.0446, +0.1504, +0.0479, +0.0183, +0.0887, -0.0432, +0.0274, -0.0259, -0.0299, ...]
  L2 norm = 1.000000

cee03cfad4b913e7573b68d9c4f9ff23
  [+0.0833, -0.0103, -0.0666, -0.0118, +0.0771, +0.0540, +0.0702, +0.1199, -0.0351, +0.0322, +0.0113, -0.0571, ...]
  L2 norm = 1.000000

0ab4676aadee26d2837e234251c8a600
  [+0.0619, -0.0114, -0.0712, -0.0145, +0.0769, +0.0265, +0.0448, +0.0655, -0.0423, +0.0195, +0.0020, -0.0545, ...]
  L2 norm = 1.000000

a19153337084ce1ad601b8f3f4d8caf7
  [+0.0549, -0.0374, -0.0820, +0.0068, +0.1346, +0.0429, +0.1123, +0.0271, +0.0449, +0.0464, -0.0133, -0.0441, ...]
  L2 norm = 1.000000

583747506ba6dab6e22e997db682c2f6
  [+0.0700, -0.0312, -0.0573, +0.0187, +0.1147, +0.0349, +0.0852, +0.0434, +0.0007, +0.0492, -0.0163, -0.0510, ...]
  L2 norm = 1.000000

f3e0c1a4b735e6b7d817e3305601e748
  [+0.0996, -0.0022, -0.0535, +0.0252, +0.1487, +0.0450, +0.0725, +0.0659, +0.0064, +0.0352, -0.0036, -0.0604, ...]
  L2 norm = 1.000000

114c5bfb0ce09f11de65a9b2c6acdfae
  [+0.1017, -0.0020, -0.0535, +0.0213, +0.1516, +0.0460, +0.0734, +0.0645, +0.0062, +0.0369, -0.0046, -0.0599, ...]
  L2 norm = 1.000000

06fa88156112d3faca0ad39e93216c2f
  [+0.0991, -0.0022, -0.0574, +0.0223, +0.1523, +0.0488, +0.0697, +0.0670, +0.0019, +0.0346, -0.0073, -0.0596, ...]
  L2 norm = 1.000000

0a35ec881c7e0c6a2a4dbeeab9f703f1
  [+0.0948, -0.0420, -0.0435, +0.0324, +0.1214, +0.0675, +0.0324, +0.0958, -0.0550, +0.0346, -0.0083, -0.0007, ...]
  L2 norm = 1.000000

b2052f7a45dc0100e7e9314078fb9cbf
  [+0.0824, +0.0012, -0.0600, +0.0170, +0.1509, +0.0432, +0.0726, +0.0599, +0.0151, +0.0273, -0.0033, -0.0598, ...]
  L2 norm = 1.000000

4c1721288ed491b0ffe29ccd343834b1
  [+0.1195, -0.0430, -0.0436, +0.0388, +0.1593, +0.0803, +0.0442, +0.0614, -0.0680, +0.0449, +0.0111, -0.0757, ...]
  L2 norm = 1.000000

7c8a6de3ece5ae951b8205c985fb30bf
  [+0.0154, -0.0602, -0.0407, +0.0139, +0.1091, +0.0764, +0.0048, -0.0164, +0.0262, +0.0321, +0.0339, +0.0330, ...]
  L2 norm = 1.000000

918da1783bd27e44555450ae3f7679cf
  [+0.0121, -0.0614, -0.0374, +0.0147, +0.1075, +0.0776, +0.0079, -0.0162, +0.0305, +0.0284, +0.0368, +0.0373, ...]
  L2 norm = 1.000000

605ead710613f7e93429daff42b2c661
  [+0.0074, -0.0569, -0.0421, +0.0226, +0.1094, +0.0612, -0.0017, -0.0168, +0.0390, +0.0209, +0.0295, +0.0356, ...]
  L2 norm = 1.000000

cc06aac86b10954fece7dad1874f778b
  [+0.0924, -0.0395, -0.0763, +0.0410, +0.1324, +0.0350, +0.0844, +0.0671, +0.0025, +0.0529, -0.0451, -0.0454, ...]
  L2 norm = 1.000000

41ff73fa9bc59800ae8aaa811e0e17bf
  [+0.1123, -0.0222, -0.1126, +0.0712, +0.0968, +0.0223, +0.0609, +0.0725, -0.0104, +0.0686, +0.0098, -0.0723, ...]
  L2 norm = 1.000000

bedcd6022fe8709da146eb202a82a4da
  [+0.0884, -0.0322, -0.0417, +0.0675, +0.1054, +0.0354, -0.0047, +0.0640, -0.0426, +0.0041, -0.0958, -0.0054, ...]
  L2 norm = 1.000000

724b87044f1179a628965da23da7ee9d
  [+0.0819, -0.0363, -0.0661, +0.0596, +0.1007, +0.0399, -0.0079, +0.0652, -0.0246, -0.0050, -0.0746, +0.0108, ...]
  L2 norm = 1.000000

5027dbff3c403c6739e97077bed17151
  [+0.0888, -0.0305, -0.0439, +0.0654, +0.1044, +0.0443, +0.0062, +0.0675, -0.0403, +0.0110, -0.0866, -0.0052, ...]
  L2 norm = 1.000000

afadf39c4c6366edd7a6b53c296a10d8
  [+0.0977, -0.0608, -0.0390, +0.0689, +0.1533, +0.0185, -0.0534, +0.0448, -0.0840, +0.0204, -0.0171, -0.0288, ...]
  L2 norm = 1.000000

1c5bd7dcfa68efd31a55ff2294c3bdd5
  [+0.1085, -0.0478, -0.0705, +0.0573, +0.1241, +0.0367, -0.0019, +0.1117, -0.0653, +0.0177, -0.0580, -0.0274, ...]
  L2 norm = 1.000000

3d2d5cc4a09e038d117b0e6439d92fb6
  [+0.0792, -0.0702, -0.0290, +0.0980, +0.1405, +0.0193, +0.0224, +0.0447, -0.0296, +0.0207, +0.0276, -0.0237, ...]
  L2 norm = 1.000000

9eb8dd482e334f3ea47ba4a8d9de0e02
  [+0.0672, -0.0482, -0.0386, +0.0110, +0.0576, +0.0599, +0.0412, +0.0447, -0.0424, +0.0512, +0.0232, -0.0509, ...]
  L2 norm = 1.000000

ded00c3973ac07ee713a1112b4b984b7
  [+0.0859, -0.0627, -0.0472, +0.0465, +0.0816, +0.0049, +0.0504, +0.0521, -0.0631, +0.0091, -0.0100, -0.0539, ...]
  L2 norm = 1.000000

aa76173df3c1d2534b0aa6d21f41b76d
  [+0.0783, -0.0903, -0.0249, +0.0505, +0.1106, +0.0431, +0.0118, +0.0654, -0.0465, +0.0693, +0.0018, -0.0195, ...]
  L2 norm = 1.000000

84570cc5e59b2cb8537045afc2aa7ad8
  [+0.0641, -0.0629, +0.0389, +0.0464, +0.1423, +0.0711, -0.0287, +0.0227, -0.0715, +0.0357, -0.0483, -0.0823, ...]
  L2 norm = 1.000000

9a06b7c579961e8e29be389917a903c1
  [+0.0620, -0.0379, -0.0167, +0.0631, +0.1466, -0.0029, -0.0167, +0.0559, +0.0024, -0.0044, -0.0185, -0.0144, ...]
  L2 norm = 1.000000

c0e87d5f9f93bbd61eae0dadb003ace8
  [+0.0831, -0.0590, -0.0227, +0.0504, +0.1021, +0.0557, +0.0445, +0.0756, -0.0254, +0.0682, +0.0184, -0.0472, ...]
  L2 norm = 1.000000

8412038b07d0122f9864e475c9ea42a8
  [+0.0583, -0.0564, -0.0083, +0.0592, +0.1104, +0.0673, +0.0239, +0.0184, -0.0354, +0.0627, +0.0196, -0.0281, ...]
  L2 norm = 1.000000

4654f2b90773a31adeae091679779336
  [+0.0558, -0.0747, -0.0338, -0.0208, +0.1305, +0.0789, +0.0354, +0.1033, -0.1032, -0.0265, -0.0423, -0.0091, ...]
  L2 norm = 1.000000

02e62b6a294603b9bdfcc512b7606f77
  [+0.0623, -0.0740, -0.0619, +0.0524, +0.1312, +0.0516, -0.0033, +0.0669, -0.0372, +0.0023, +0.0081, -0.0275, ...]
  L2 norm = 1.000000

7dc72ba9eace65503fb8c550966113bc
  [+0.1555, -0.0660, -0.0022, +0.0531, +0.1490, +0.0509, +0.0713, +0.0873, -0.0400, +0.0360, -0.0307, -0.0240, ...]
  L2 norm = 1.000000

cab3d612935b00c8795d9c9978dc86a0
  [+0.0916, -0.0550, -0.0358, +0.0629, +0.1446, +0.0333, +0.0375, +0.0589, -0.0507, +0.0100, -0.0253, +0.0136, ...]
  L2 norm = 1.000000

80ef1a2c7e0f723f57e5957812bb5113
  [+0.0736, -0.0644, -0.0221, +0.0167, +0.0685, +0.0324, -0.0634, +0.0663, -0.0323, +0.0358, -0.0636, -0.0039, ...]
  L2 norm = 1.000000

50ff079c8e4ff4fc962c6e8f1568e449
  [+0.1150, -0.0846, -0.0267, +0.0165, +0.0099, +0.0099, +0.0210, +0.0423, -0.0668, +0.0157, +0.0117, +0.0545, ...]
  L2 norm = 1.000000

9bf407af77f3b98f152a09417cd2c688
  [+0.0698, -0.0314, -0.0193, +0.0059, +0.1153, +0.0364, +0.0660, +0.1013, +0.0597, +0.0014, -0.0141, -0.0249, ...]
  L2 norm = 1.000000

a5900c232bdcd38e4019289940316e23
  [+0.1272, -0.0544, -0.0332, +0.0262, +0.1442, +0.0420, +0.0390, +0.1040, -0.0589, +0.0303, -0.0300, +0.0074, ...]
  L2 norm = 1.000000

9639753b781fb9a80e4b5e2ff9753afe
  [+0.0451, -0.0006, -0.0788, +0.0044, +0.0666, +0.0854, +0.0391, +0.0585, -0.0556, -0.0015, -0.0290, +0.0360, ...]
  L2 norm = 1.000000

3bbc38c25feb589ea1a5347bef9be048
  [+0.0587, -0.0411, -0.0413, +0.0355, +0.1348, +0.0612, +0.0535, +0.0212, -0.0386, +0.0115, -0.0154, -0.0003, ...]
  L2 norm = 1.000000

132ff90fa963f49c4a9ab38ba9332ae5
  [+0.0737, -0.0785, -0.0477, +0.0571, +0.1450, +0.0475, -0.0194, +0.0591, -0.0747, -0.0044, -0.0565, -0.0661, ...]
  L2 norm = 1.000000

d1bb35f96c7051eb08c3766a57002586
  [+0.1312, -0.0123, -0.0523, +0.0236, +0.0775, +0.0574, +0.0379, +0.1498, -0.0459, +0.0487, -0.0402, -0.0783, ...]
  L2 norm = 1.000000

235cd7efedc9e6fadede5cd3c93de75b
  [+0.1493, -0.0616, -0.0010, +0.0273, +0.1621, +0.0158, -0.0057, +0.0814, -0.0201, -0.0137, -0.0278, -0.0027, ...]
  L2 norm = 1.000000

4bf9bd609ff170e6a48fa4ca7d93aa6c
  [+0.0216, -0.0618, -0.0854, +0.0218, +0.1114, +0.0589, -0.0286, +0.0485, -0.0527, -0.0423, -0.0227, -0.0380, ...]
  L2 norm = 1.000000

a0afc16f915c3e9406d4e14fdfa67985
  [+0.0206, -0.0466, -0.1168, -0.0224, +0.1416, +0.0300, -0.0071, +0.0289, -0.0243, -0.0274, -0.0525, -0.0358, ...]
  L2 norm = 1.000000

ba5148d4104660324dd97f390a94a60c
  [+0.0315, -0.0210, -0.1027, -0.0204, +0.1407, +0.0497, +0.0999, +0.0258, +0.0334, +0.0274, -0.0059, -0.0605, ...]
  L2 norm = 1.000000

6d7c213a9968a7353572a4860d93e0bc
  [+0.0626, -0.0158, -0.1451, +0.0543, +0.0799, -0.0166, +0.0457, +0.0708, -0.0366, +0.0565, -0.0144, -0.0377, ...]
  L2 norm = 1.000000

565864f708c3e27cf2dec6fd2b1e69b8
  [+0.0258, -0.0333, -0.0978, +0.0117, +0.0838, +0.0441, +0.0227, +0.0927, -0.0347, -0.0200, -0.0003, -0.0547, ...]
  L2 norm = 1.000000

d459f77b47d94fcba4be6b0c4eb7be1c
  [-0.0062, -0.0508, -0.0482, +0.0366, +0.0929, +0.0792, -0.0118, +0.0640, -0.0573, -0.0090, -0.0169, -0.0133, ...]
  L2 norm = 1.000000

7ce0da7135b4e92bc85a6bd0550492cd
  [-0.0062, -0.0508, -0.0482, +0.0366, +0.0929, +0.0792, -0.0118, +0.0640, -0.0573, -0.0090, -0.0169, -0.0133, ...]
  L2 norm = 1.000000

8867be9c1e31963741517002ee844fe2
  [+0.0378, -0.0855, -0.0936, +0.0464, +0.1284, +0.0404, +0.0018, +0.0781, -0.0516, -0.0137, -0.0391, -0.0242, ...]
  L2 norm = 1.000000

25305abd1cf40826f49f188a88f5b0f3
  [+0.0408, -0.0927, -0.1013, +0.0476, +0.1396, +0.0354, -0.0001, +0.0733, -0.0465, -0.0111, -0.0399, -0.0342, ...]
  L2 norm = 1.000000

9823c2f841291ff6c4d54fd6092c0105
  [+0.0373, -0.0177, -0.0954, +0.0021, +0.0731, +0.0512, +0.0597, +0.1077, -0.0357, -0.0092, +0.0002, -0.0766, ...]
  L2 norm = 1.000000

a4eeba676a8ecacfefb57059d96ec24a
  [+0.0218, -0.0242, -0.0913, -0.0113, +0.0771, +0.0346, +0.0411, +0.0553, -0.0440, -0.0127, -0.0130, -0.0694, ...]
  L2 norm = 1.000000

63c3835b38788f690c0573970a7a8fb3
  [+0.0204, -0.0465, -0.0899, -0.0078, +0.1271, +0.0451, +0.0988, +0.0126, +0.0421, +0.0297, -0.0264, -0.0315, ...]
  L2 norm = 1.000000

5d47f0ea4871f603eb4fad6cd9665689
  [+0.0237, -0.0487, -0.0709, +0.0076, +0.1004, +0.0348, +0.0568, +0.0247, +0.0096, +0.0225, -0.0416, -0.0493, ...]
  L2 norm = 1.000000

cc3b0aa33f8e4a56f0695361d6b6f32f
  [+0.0432, -0.0137, -0.0771, +0.0035, +0.1419, +0.0477, +0.0450, +0.0459, +0.0059, +0.0117, -0.0274, -0.0577, ...]
  L2 norm = 1.000000

193871e29505b9b831493636793ba23d
  [+0.0419, -0.0173, -0.0765, +0.0020, +0.1427, +0.0498, +0.0456, +0.0460, +0.0064, +0.0114, -0.0253, -0.0619, ...]
  L2 norm = 1.000000

7fa9b46ccd3f0e5f24f7932f4e51180e
  [+0.0434, -0.0143, -0.0787, -0.0007, +0.1438, +0.0498, +0.0485, +0.0470, +0.0059, +0.0120, -0.0262, -0.0624, ...]
  L2 norm = 1.000000

b2dc4be9d0de15a90bc669c440c49d99
  [+0.0251, -0.0609, -0.0726, +0.0347, +0.1159, +0.0698, +0.0059, +0.0705, -0.0585, -0.0052, -0.0289, -0.0187, ...]
  L2 norm = 1.000000

a2b92925680878b1aa56575a46a1f30b
  [+0.0251, -0.0050, -0.0812, -0.0032, +0.1370, +0.0468, +0.0461, +0.0424, +0.0160, +0.0021, -0.0264, -0.0614, ...]
  L2 norm = 1.000000

ad438dff2ca183981c56a13a423c19e3
  [+0.0550, -0.0627, -0.0590, +0.0271, +0.1413, +0.0812, +0.0181, +0.0286, -0.0686, +0.0174, -0.0136, -0.0838, ...]
  L2 norm = 1.000000

b04b4552bab373c49ec06f89e859041e
  [-0.0334, -0.0706, -0.0540, +0.0051, +0.0936, +0.0784, -0.0175, -0.0334, +0.0254, +0.0095, +0.0210, +0.0257, ...]
  L2 norm = 1.000000

a7c4434152d94a4e0c754be806af73b1
  [-0.0355, -0.0706, -0.0530, +0.0074, +0.0912, +0.0780, -0.0155, -0.0318, +0.0282, +0.0055, +0.0234, +0.0283, ...]
  L2 norm = 1.000000

5e9cc96882395e734246a854485f7929
  [-0.0344, -0.0650, -0.0550, +0.0122, +0.0969, +0.0699, -0.0216, -0.0319, +0.0321, -0.0023, +0.0131, +0.0270, ...]
  L2 norm = 1.000000

965309b72f4a9743d6adce4436f52591
  [+0.0244, -0.0335, -0.1112, -0.0208, +0.1169, +0.0205, +0.0836, +0.0512, -0.0032, +0.0319, -0.0500, -0.0351, ...]
  L2 norm = 1.000000

ed12c5a0e95208b5be9ec2550974e63d
  [+0.0719, -0.0294, -0.1215, +0.0487, +0.0960, +0.0216, +0.0547, +0.0487, -0.0200, +0.0569, -0.0081, -0.0745, ...]
  L2 norm = 1.000000

8ed1911d026e5da12077908bf5722070
  [+0.0260, -0.0288, -0.1035, +0.0154, +0.0812, +0.0166, -0.0129, +0.0403, -0.0507, -0.0332, -0.0936, -0.0052, ...]
  L2 norm = 1.000000

c0d9f1e8a56b363fff373346c79ec0d4
  [+0.0222, -0.0484, -0.0965, +0.0399, +0.0901, +0.0436, -0.0353, +0.0449, -0.0290, -0.0332, -0.0918, +0.0007, ...]
  L2 norm = 1.000000

9e178568e1ae1d8136db32d2aaa4096d
  [+0.0236, -0.0275, -0.1065, +0.0218, +0.0805, +0.0267, -0.0088, +0.0410, -0.0540, -0.0299, -0.0897, -0.0049, ...]
  L2 norm = 1.000000

072944e8feb27dee32219ff2e752067b
  [+0.0419, -0.0575, -0.0715, +0.0384, +0.1305, +0.0341, -0.0718, +0.0278, -0.1006, -0.0023, -0.0379, -0.0360, ...]
  L2 norm = 1.000000

bc3de470a633ae2a0edc175a23acaf0b
  [+0.0489, -0.0550, -0.1236, +0.0122, +0.0801, +0.0440, -0.0342, +0.0997, -0.0828, -0.0025, -0.0709, +0.0027, ...]
  L2 norm = 1.000000

85fb3019b6cb186aa15722a904f32d22
  [+0.0338, -0.0745, -0.0610, +0.0692, +0.1169, +0.0243, +0.0009, +0.0337, -0.0319, +0.0028, +0.0039, -0.0137, ...]
  L2 norm = 1.000000

d37dc510bbc8f9f2e0c51ddbd95ad02f
  [-0.0037, -0.0091, -0.0498, +0.0473, +0.0693, +0.0225, +0.0499, +0.0313, -0.0291, -0.0246, -0.0202, -0.0593, ...]
  L2 norm = 1.000000

0938a90fabd9bc16095e11a7184eb9f9
  [-0.0004, -0.0391, -0.0681, +0.0372, +0.0997, +0.0423, -0.0230, +0.0367, -0.0352, -0.0008, -0.0255, -0.0341, ...]
  L2 norm = 1.000000

e5a9cb741c2b8146c52041dd6264fd28
  [+0.0008, -0.0312, -0.0860, +0.0385, +0.0577, +0.0207, +0.0481, +0.0648, -0.0052, +0.0046, -0.0094, -0.0181, ...]
  L2 norm = 1.000000

c33fc1c4f25622764346440268508b3d
  [-0.0186, -0.0307, -0.0521, +0.0426, +0.0630, +0.0467, +0.0134, +0.0325, -0.0549, -0.0061, -0.0125, -0.0564, ...]
  L2 norm = 1.000000

9e2fac35472d2b1590e8fae824ee5a4d
  [+0.0438, -0.0519, -0.0250, +0.0052, +0.0626, +0.0311, +0.0512, +0.0327, -0.0508, -0.0292, -0.0001, -0.0632, ...]
  L2 norm = 1.000000

47bd339466cad5286d83c28a0dea1991
  [+0.0328, -0.0925, -0.0553, +0.0218, +0.0953, +0.0452, -0.0028, +0.0513, -0.0555, +0.0486, -0.0242, -0.0114, ...]
  L2 norm = 1.000000

16d3a2168576576d65908c72846647b7
  [-0.0098, -0.0448, -0.0281, +0.0389, +0.1294, +0.0674, -0.0684, +0.0211, -0.0676, +0.0111, -0.0661, -0.0605, ...]
  L2 norm = 1.000000

6de5cc7ea65905e1f9d78cc82a184609
  [+0.0286, -0.0377, -0.0427, +0.0489, +0.1246, +0.0066, -0.0308, +0.0448, -0.0047, -0.0197, -0.0316, -0.0086, ...]
  L2 norm = 1.000000

e2f7be385c1aa3e39902bbc610f6cab5
  [+0.0271, -0.0586, -0.0318, +0.0132, +0.0885, +0.0676, +0.0021, +0.0545, -0.0152, +0.0285, +0.0265, -0.0168, ...]
  L2 norm = 1.000000

356d4366a298f16e8fa219266644209b
  [+0.0183, -0.0554, -0.0511, -0.0118, +0.0881, +0.0244, -0.0116, +0.0602, -0.0468, +0.0070, +0.0006, -0.0176, ...]
  L2 norm = 1.000000

6e7d2bc99016cfdb599fb93be9f6140f
  [+0.0354, -0.0510, -0.0502, +0.0405, +0.0920, +0.0675, +0.0073, +0.0417, -0.0353, +0.0436, -0.0180, -0.0358, ...]
  L2 norm = 1.000000

d4c111a245f26ebe89b80183e34d98d3
  [+0.0081, -0.0561, -0.0299, +0.0361, +0.0866, +0.0797, +0.0017, -0.0000, -0.0437, +0.0439, -0.0057, -0.0202, ...]
  L2 norm = 1.000000

29a179ce6f6ab308f8ee5b2142ff30f6
  [-0.0055, -0.0564, -0.0723, +0.0416, +0.0676, +0.0733, +0.0391, -0.0041, -0.0576, +0.0123, +0.0295, -0.0143, ...]
  L2 norm = 1.000000

f8f56267d777f87a98b284297b4d537f
  [-0.0068, -0.0828, -0.0772, -0.0589, +0.0766, +0.0656, +0.0136, +0.0706, -0.0965, -0.0449, -0.0681, -0.0088, ...]
  L2 norm = 1.000000

86f0c5d7954cc6d5ceb1be2da8e1b8b8
  [+0.0088, -0.0750, -0.0935, +0.0263, +0.1038, +0.0634, -0.0242, +0.0557, -0.0456, -0.0140, -0.0116, -0.0191, ...]
  L2 norm = 1.000000

30ccd79612d3d89a47be7b9c203e8b2c
  [+0.0357, -0.0483, -0.1069, -0.0279, +0.0572, +0.0712, +0.0665, +0.0752, -0.0724, -0.0028, -0.0233, -0.0609, ...]
  L2 norm = 1.000000

578b3e65050a3101eba393deabbaa4b1
  [+0.0249, -0.0933, -0.1040, -0.0169, +0.0532, +0.0703, +0.0212, +0.0629, -0.0191, +0.0628, -0.0074, -0.0338, ...]
  L2 norm = 1.000000

31d302d25a60b3cf625db4a7b6e29daf
  [+0.0098, -0.0226, -0.0603, -0.0417, +0.0453, +0.0574, +0.0157, +0.0572, -0.0183, +0.0300, -0.0144, -0.0003, ...]
  L2 norm = 1.000000

4a495f30b67930f76e1d7f45e4bb80c2
  [+0.0025, -0.0294, -0.0667, -0.0345, +0.0410, +0.0453, +0.0194, +0.0495, +0.0008, +0.0370, -0.0107, +0.0240, ...]
  L2 norm = 1.000000

7d2964d29e1d38eb5942702c4ca2cdf3
  [+0.0342, -0.0069, -0.0123, +0.0233, +0.0466, -0.0020, +0.0217, +0.0719, +0.0537, -0.0346, -0.0132, -0.0202, ...]
  L2 norm = 1.000000

e11e12dc91c28e3cb8b0d8abdc785262
  [+0.0066, -0.0154, -0.0498, +0.0504, +0.0542, +0.0622, +0.0269, +0.0292, +0.0326, -0.0099, +0.0043, -0.0778, ...]
  L2 norm = 1.000000

a35a64dc21eaf5c665d1da0433b63057
  [+0.0077, -0.0180, -0.0384, +0.0077, -0.0222, +0.0778, +0.0559, +0.1012, +0.0004, +0.0007, +0.0264, -0.0541, ...]
  L2 norm = 1.000000

